100
3 2
1 4 1 1 0 11
4 1 1 1 8 11
2 5 0 0 0 11
4 1 0 0 0 11
99777 99591
689662289 217430873 5 0 807720142 807720143
73980 61996 59600 23762 71029 44329
60186815 890664682 546146956 94082432 333453562 413989303
43447 87906 38783 96356 86990 146140
99878 99531
588147518 361208225 11 0 872630638 872630639
7778 3057 7020 8177 855 2804
12895857 38687571 3 0 806748232 806748233
16721 15654 16218 9552 17640 2997
100000 100000
97757432 84110822 628897545 693463948 957914468 825089773
763685683 864317279 879535309 735020961 839663565 817816847
97757432 84110822 628897545 693463948 957914468 825089773
486279783 481768911 418706674 945199424 556237449 966152713
99530 99905
806384352 787941275 2 0 824827428 824827429
8257481 5453483 5478114 9772966 4170473 8805285
454066001 800301585 566386506 186444360 444578695 27542717
16958719 18735546 772806 5347682 6919351 5301521
99682 99952
913325234 884872142 5 0 920438506 920438507
6543094 5554090 7028363 8862959 9781159 1940582
20906079 62718237 3 0 855220938 855220939
679226 5894996 5789272 11572073 7679764 1158801
99912 99799
152215 304430 2 0 826540 826541
916270 915715 11155 526226 156092 269716
301634 75482 6 0 867160 867161
405626 880067 728636 199150 769548 517140
99714 99969
295978727 591957454 2 0 930656212 930656213
55979248 271881597 716933632 629819717 649233369 987956496
878276423 863080283 6 0 881315650 881315651
972167684 895709454 593194897 754234184 735783304 61929210
99973 99642
840676106 778802224 3 0 871613046 871613047
8724 761 5648 9223 8860 1863
954253939 261471491 364836063 47055346 449487765 825513907
19216 4011 7591 19951 18954 13755
99879 99726
90088162 180176324 2 0 840140380 840140381
3934950 6421294 3895023 3224147 2150184 3091721
345116153 181410008 254318607 727338223 69130645 245236364
12970647 13189979 2189423 230138 14851045 17855892
99915 99815
754565091 601379851 3 0 831157710 831157711
33353 99632 72466 86227 31944 65036
464488769 321179641 64175319 123633785 804806270 439501565
174844 185795 199118 170585 196698 1379
99531 99965
616771733 250173386 6 0 862614252 862614253
20688 26436 77787 72024 6806 95049
271063869 542127738 2 0 892161268 892161269
113234 82890 198425 91019 126461 187031
99756 99943
79485540 158971080 2 0 808762818 808762819
791 86167 3792 67397 37062 57718
109754716 217728647 720701410 832783714 35179383 860741209
8469 49967 48889 56225 132037 68532
99579 99787
298109075 596218150 2 0 812700346 812700347
77598 70837 38325 76268 92358 25601
502546302 866615997 7 0 883736038 883736039
17216 183179 132424 137476 51887 32302
99576 99714
636976239 880134317 7 0 894674838 894674839
76904 33425 28192 33505 80219 52821
794580256 501908986 7 0 843358800 843358801
140775 91875 96772 144549 24082 156493
99572 99984
725555434 568868799 2 0 882242068 882242069
6555966 5425735 4045108 5376610 338183 8279754
993432648 359004031 463063652 913643208 31059638 552594926
4933575 4183596 2565516 2091867 15315105 2867916
99567 99963
106555336 213110672 2 0 960296668 960296669
1443940 2090229 3171030 612193 3078842 1395409
803323527 257439943 5 0 939794422 939794423
5713118 10808468 4737547 7279906 127318 12724070
99609 99894
728625205 72473438 11 0 882489312 882489313
5121162 4014683 7043806 3160804 8021881 6518690
633439506 177520568 6 0 905779116 905779117
8388788 16980310 5963044 1361330 599024 2680255
99780 99561
253999501 761998503 3 0 986803576 986803577
26056 78949 67940 57821 80168 93557
306174118 202874320 115183874 505361249 46232846 128832711
5235 182386 54328 157228 91185 111046
99830 99692
41025549 82051098 2 0 879398746 879398747
35029 75505 91759 88845 24705 27685
799706369 450896383 146971718 343365623 149221594 518448497
112785 841 178152 140658 166488 23494
99530 99739
802612664 59518562 7 0 926461680 926461681
71004 55734 44504 55621 64693 76841
870056282 815671185 2 0 924441378 924441379
10153 44437 22955 134720 160258 16266
100000 100000
10000 20000 1 0 9999 1000000000
5000 5001 1 0 0 1853081
50216 514 7 445 6737 998500201
47447 77474 74 47 77 1787783
100000 100000
10 20 1 0 9 10000005
10 10 0 0 9 100005
12345 54321 2 0 1004116 1004117
3 10 7 9 4 23
99957 99580
160812 154211 7 0 971472 971473
3 3 1 8 4 3
337298 674596 2 0 979650 979651
17 6 5 7 1 14
99947 99518
655763459 451215705 2 0 860311212 860311213
934309264 113406529 525696420 190502667 86774319 460182935
880950731 284319449 819911876 280830287 810440653 73361219
409760709 584986571 854834671 763137630 794208681 300064385
99958 99987
423933078 847866156 2 0 991721386 991721387
75141 74729 16692 74589 71763 60993
316534142 4985965 418755094 342739629 198818724 670228897
175430 3446 53429 127561 137373 5491
99713 99756
650397012 312976955 2 0 987817068 987817069
7784 2588 8223 19990 17599 10422
277126083 418209122 5 0 967421292 967421293
138895 189666 194205 153566 97383 40466
99552 99670
556641121 767634634 3 0 902288728 902288729
582101245 464313214 750616559 178446095 462179814 306058986
713234913 603870095 2 0 822599730 822599731
784018000 675345046 224558690 886411914 35197271 670740577
99733 99871
965534646 949289263 2 0 981780028 981780029
200490659 938299199 166676382 127266004 667913901 423844870
811064066 150066542 5 0 976313446 976313447
763611120 278066419 22205829 424270415 263046573 900821135
99661 99697
3736909 7473818 2 0 845339548 845339549
1736 5396 18 1854 5276 1687
55341099 471673016 763350437 922970851 702787614 992319161
5620 5908 14993 14416 16423 15977
99709 99938
498403680 673061729 3 0 822149310 822149311
30301 49299 88162 12412 54898 50569
613941194 72412262 11 0 835117608 835117609
24376 54408 155811 117908 199525 520
99911 99922
700535267 536670897 2 0 864399636 864399637
1355 3003 7675 8477 4890 9420
143151158 121313736 642265071 180132941 972458759 217280625
9898 537 17510 18639 4566 19984
99692 99782
116721439 350164317 3 0 888630568 888630569
5866 49843 10770 82076 85970 52815
479141343 719656429 5 0 838025142 838025143
88276 26130 12604 144703 25272 16173
100000 100000
825625957 21073319 75825942 137549105 369564877 868441663
814714870 900627605 633322325 649700198 513441185 940608095
825625957 21073319 75825942 137549105 369564877 868441663
814714870 900627605 633322325 649700198 513441185 940608095
99839 99798
436451092 321782407 7 0 911125078 911125079
593758864 43455217 152401653 95642175 84393405 379215914
447130472 115942082 13 0 949459008 949459009
266689940 37094394 53376851 563980082 504032613 689475823
99830 99698
856953579 770532731 2 0 943374426 943374427
6015 91134 48568 83653 85271 46554
589161545 853520924 3 0 913963710 913963711
164888 82439 92074 97105 108218 37772
100000 100000
1 2 1 0 0 100001
100000 99999 1 0 99998 100000
1 2 1 0 0 100001
100001 100001 0 0 100000 100001
100000 100000
661215555 683817061 969790663 882949632 751226930 987256409
824593863 763707677 57007738 574732177 589541644 542020106
860061359 450568462 0 0 112453428 80242274
304267764 846462578 152996941 326113750 977195043 996256747
99851 99644
909335 891491 3 0 918256 918257
280603 892835 157275 721363 154897 250959
43157 726104 451258 61461 138298 70242
987220 75880 611958 351799 258112 540451
99543 99602
31851591 63703182 2 0 932360026 932360027
30451 83057 48450 86359 6983 66601
456909471 270744216 83384336 535378423 44690937 858343781
96818 77564 8598 25565 112055 132762
99881 99522
433690926 457161656 5 0 855646486 855646487
2414813 8226456 4253298 6220867 1466164 9770275
470766891 481348106 3 0 930952566 930952567
8218404 13656658 8956976 18376071 15343795 18470983
99926 99661
323756 102782 41 0 940800 940801
2610 3519 9015 1462 6604 9159
903532 427410 208048 911864 461065 605317
7251 16854 15018 7828 8961 3626
99570 99534
579573723 842950120 3 0 895771048 895771049
7402 4551 7632 7361 294 132
517726290 718067927 3 0 835110942 835110943
7722 12875 10964 18425 12727 4318
99708 99788
459718297 492252991 5 0 903169246 903169247
77480324 688136600 689171000 188037554 875001097 880095583
702397196 829795694 307470409 619399380 451158635 241644098
718995930 770287721 382025253 14400329 251053599 164111566
99950 99812
123820629 247641258 2 0 956717602 956717603
57932 3405 84211 49520 5349 8233
349263432 970716549 748287850 212286856 654349132 924311953
191703 168031 100012 152640 176559 4635
99528 99942
382144414 184076699 3 0 962356542 962356543
3452 8770 7781 9422 8569 7723
588143336 89605495 868711547 346590292 634143022 76945285
14805 13378 7793 211 11731 19891
99830 99825
669378 355567 2 0 983188 983189
6144 2585 6767 7103 85 8654
345709 502121 7 0 958920 958921
2076 19086 1341 4362 18228 4612
99795 99899
478593543 151278137 2 0 805908948 805908949
26870904 958255245 195248346 610317887 274061183 663803069
706031967 129408166 991954339 31178284 790003567 685680500
417063327 355730 543763920 607678769 901735514 798885250
99785 99635
786455803 453683087 3 0 952842160 952842161
4881977 3941847 2832845 4876256 6761232 2694274
33547723 306468767 896335544 705512236 213892518 526176596
12647770 2879900 17246017 9300029 8984395 13256405
99709 99879
356541367 687969661 31 0 863734392 863734393
6510 1984 6492 8742 5738 3332
420542506 841085012 2 0 905807380 905807381
1336 7332 5140 11888 13306 15858
99608 99528
470943 4315 2 0 937570 937571
3 10 5 4 5 5
142302 219553 171362 294567 668294 860089
1 9 11 8 3 19
99765 99710
629750035 263180504 5 0 961856556 961856557
3705 9856 5684 7876 7706 2566
833796327 321410611 366078997 345164585 51654053 596641261
4754 2635 1246 16757 1406 11654
99662 99501
531723943 235519035 2 0 827928850 827928851
73965 54902 19267 87766 15194 76603
657783561 510789384 5 0 926042806 926042807
35137 107297 176069 67332 68008 104457
99685 99640
444868126 226296055 7 0 962593608 962593609
76705 69655 64342 69245 61610 73601
320926169 447668293 694499412 266977278 757130961 608839913
70235 165033 184671 28217 164343 86637
99783 99944
609961194 10122284 3 0 909880648 909880649
962526280 765284017 138001616 910767698 440528595 153817037
722678794 40895520 862158456 89728169 664572212 86960075
288177092 562769108 887366641 452885423 571385127 270157729
99572 99638
138556350 277112700 2 0 911870412 911870413
27076 35417 28045 90549 18468 61936
284320263 741870282 65135101 675156868 718866324 872523644
155673 115655 118892 92181 152895 16356
99522 99902
331734 751997 5 0 906672 906673
6 7 10 6 5 5
955464 52514 495057 889586 863835 439566
16 18 11 17 2 10
99821 99866
842318801 728608613 2 0 956028988 956028989
4149850 2013638 2265469 1789986 7897869 5424587
576409125 455765757 724833395 872782003 333922345 273578743
2387335 2932794 14410609 12909323 3532160 17588535
99798 99859
103612095 621672570 6 0 956785648 956785649
4239 2019 3116 8818 9950 9273
401433280 639362245 908231513 14782580 470070898 513883237
11121 10265 543 18671 11941 13028
99889 99721
823418 814982 5 0 825526 825527
7 1 6 8 4 4
356961 377644 6 0 882060 882061
9 12 15 7 12 5
99658 99830
531942881 47049884 10 0 878729820 878729821
85478 58664 81749 59712 61632 55540
122181965 366545895 3 0 949482616 949482617
135146 132955 131239 115038 76956 33450
99835 99520
884834584 779810869 6 0 905839326 905839327
4372508 7778867 9125021 9927954 2976528 1263641
659642490 867183496 481898065 862212368 503037237 264553542
17053806 10122027 8415873 3722408 1951754 901404
99935 99642
792497335 781979307 2 0 803015362 803015363
9604904 1086192 530059 1232916 8190837 9492903
365695253 731390506 2 0 873268156 873268157
14289078 18298799 4723429 12646633 19102182 18672548
99500 99830
262505814 525011628 2 0 958452532 958452533
4776 4298 6306 6128 8785 3138
195410644 626121136 902832633 466021580 320362547 600535801
10571 8664 8653 10544 16329 12500
99994 99607
754352 149292 5 0 905616 905617
1 1 3 9 6 10
405713 498892 6 0 967692 967693
8 11 13 16 6 15
99780 99677
120014878 370016412 17 0 835118256 835118257
33248 90666 72208 6250 51188 46629
752946127 570038035 2 0 935854218 935854219
193306 27393 191165 80310 161741 26013
99685 99583
196028879 67534218 5 0 912610176 912610177
7667 7136 3820 2908 8138 63
711277259 430582161 2 0 991972356 991972357
10960 635 19411 11652 5164 8182
99716 99734
779809391 705602771 2 0 854016010 854016011
72740 86277 19432 76023 22883 86920
114751766 344255298 3 0 940989030 940989031
152180 47169 115548 25416 21890 46334
99694 99870
485753266 971506532 2 0 998719948 998719949
29595 85819 61334 21760 58661 50329
502518445 488696946 588130107 619225649 116351840 970316102
168154 125551 45351 57149 114386 135797
99724 99675
624762021 161389524 5 0 987473526 987473527
882 39 5917 2535 2351 7867
25410424 127052120 5 0 959417686 959417687
5887 9173 17364 16128 9710 8597
99678 99829
574897044 187649549 2 0 962144538 962144539
96093 30579 20659 20311 79380 57920
192519074 385038148 2 0 952335556 952335557
33810 184612 125340 173697 24094 81200
99938 99541
363334 726668 2 0 930178 930179
3 8 1 2 3 2
193179 345289 953879 785861 418239 742513
13 6 20 3 8 11
99999 99550
234743819 704231457 3 0 889484440 889484441
3788 9699 5942 5393 8899 1922
509898432 704101826 5 0 922695166 922695167
11274 325 5956 4134 6366 19536
99801 99909
721893665 304987889 3 0 930346552 930346553
28951 28661 4752 3600 70778 78755
644656893 697647804 5 0 841878886 841878887
36603 23554 91543 111154 86402 141414
99729 99596
826391 566315 3 0 956428 956429
95 30 52 44 36 28
853112 846077 112440 566972 526957 740141
63 43 74 179 16 5
99937 99507
322978586 645957172 2 0 839593162 839593163
99169 55513 8728 9749 31186 3380
728881121 475341181 3 0 855651090 855651091
55085 1982 111592 89846 37889 169191
99700 99673
641384448 290389307 2 0 992379588 992379589
634384120 276378356 917390588 820389133 994803749 804517356
124490158 310224934 559094732 534588907 17175190 144317992
381476939 204224417 314622720 636624091 977020669 54672506
99834 99835
308346411 46461074 3 0 878578158 878578159
5117 5513 6127 1390 468 8390
296912048 681258617 5 0 803301622 803301623
5553 19452 820 17504 13179 12111
99605 99864
369537727 57745309 5 0 894971662 894971663
376330950 899139090 89217776 983230325 815685431 571963383
435699455 482677803 167995407 906381517 689536911 687813232
206213722 948104606 870247428 810098511 483729252 613317795
99628 99977
890951787 804564530 13 0 979800790 979800791
6293444 3065438 6978589 3288705 6715569 2102632
374280769 78377535 765135124 732704554 475834718 494038326
17856185 16797094 17537103 15725327 9631997 18059976
99657 99709
100743170 201486340 2 0 815645218 815645219
675383459 458383221 77674152 353242167 392686969 595362768
705750668 265781061 195279472 228560020 829598428 984073765
741842558 816054399 256939966 120801716 387907876 742341817
99744 99857
564021085 315545157 2 0 812497012 812497013
4012508 3409952 2450052 5771907 8195120 2056133
898980423 375218972 416714743 563703873 212187093 695986347
13382630 3164988 14898558 11287874 16406207 1464045
99970 99765
973121 919753 15 0 976932 976933
3 4 9 4 10 1
9096 41037 890673 726452 419217 997408
3 3 7 5 11 5
99996 99720
255808108 767424324 3 0 886653798 886653799
830612336 606506320 993742559 762584256 989843862 800802345
332400164 46279259 732353841 558252397 994416167 165093855
34714938 593031935 177885011 570587925 749975620 22755774
99746 99514
115241002 576205010 5 0 964057006 964057007
92480 99840 45415 1696 48901 80481
376011264 752022528 2 0 995963356 995963357
81960 174390 176051 105026 78286 116082
99653 99554
100347024 501735120 5 0 859974472 859974473
893229399 799288027 369283926 790763414 50214985 78068430
107118678 655437878 581749548 752167522 162909362 332155782
905350136 125648539 782268920 610290084 672962529 895179693
99550 99603
219046625 442751657 11 0 983380608 983380609
116702793 161299356 669310209 896485366 777909527 220552328
140779757 437884331 17 0 977685768 977685769
438819361 10293677 915125680 493709479 879833731 522142109
99503 99901
89615828 28688717 11 0 957085390 957085391
2167 4729 1604 8877 1629 3874
377368244 82916707 995870712 93748356 64473265 827146374
1776 16490 3261 14929 6741 15994
99577 99741
52419250 104838500 2 0 879686850 879686851
2030568 4682372 1764958 6959541 1696934 9176016
175975492 6009343 5 0 873868116 873868117
15242615 1518958 4828292 3404735 11284734 16433877
99987 99612
612575432 881697533 3 0 956028762 956028763
32234 57412 3393 8957 49557 84967
485293349 633387800 3 0 822492246 822492247
43619 16531 126605 36478 176287 132287
99959 99928
721966504 513643771 2 0 930289236 930289237
90514 7309 18118 32686 78352 51172
387576046 775152092 2 0 845322690 845322691
112349 93004 4435 15474 188068 4693
99501 99775
585615730 121654466 7 0 994413910 994413911
6947 35519 81123 49893 55848 28933
497951229 428703923 490327409 920277342 670403534 470229368
192383 45198 117955 77984 129460 154016
99580 99737
146551399 293102798 2 0 947680906 947680907
7154 7080 9163 441 9541 8246
26108913 757158477 29 0 934047408 934047409
11633 16835 4201 18365 2695 1105
2 100000
99999 1 0 0 0 1
99998 2 0 0 0 1
1 2 3 4 5 103843
2 3 4 5 6 349337
99859 99878
274341743 548683486 2 0 823860396 823860397
50543 85871 53900 62578 6826 16470
349640368 767242260 13 0 944520630 944520631
21061 133423 12258 53490 165758 139108
99988 99525
402480021 804960042 2 0 951423132 951423133
5732436 1458847 4854302 1345641 1401033 3664340
553766346 197059489 2 0 910473202 910473203
11275025 15965976 8228719 13899947 16538547 1060450
99756 99538
187870219 563610657 3 0 959871066 959871067
99237 23616 5794 16371 53277 46564
668116716 906212253 666773118 166682533 963612047 991905040
166005 140973 30486 169353 108408 7932
99628 99959
615993872 422117021 2 0 809870722 809870723
487792618 646923834 429896483 714938601 261167512 989027689
668270270 343823045 609101149 894336602 14044599 941111073
801864283 839120459 740097957 414393475 886669282 432981586
99697 99757
258609497 775828491 3 0 925189168 925189169
1784 76509 39287 69001 38018 22919
388413666 776827332 2 0 879529162 879529163
166327 35931 174665 73448 99749 81097
99507 99623
419770615 839541230 2 0 910496892 910496893
2390940 2096989 8439098 9846164 712663 5874821
184119578 552358734 3 0 819615030 819615031
2711534 7109472 2761871 2388182 9304044 4693586
