100
3 2
1 4 1 1 0 11
4 1 1 1 8 11
2 5 0 0 0 11
4 1 0 0 0 11
988 982
325347809 668630861 382359531 657244373 874444557 392435484
563209161 833402236 252155592 94568375 893826931 408698738
136303488 485248279 835003778 798819046 531599709 546292220
588085127 822249923 419258188 190307782 698231381 950140433
960 981
654525044 768757161 2446344 612542737 654215043 732345981
857355 6316279 2095734 5079152 4969581 9440806
954790726 564620252 104826305 603590984 627100736 720264447
1373417 9858715 7010001 8532702 8069516 8339649
997 973
98820570 128365433 9209158 993692296 141664299 271621331
492774126 620526470 193520860 865047779 574215222 775605844
302938773 40699660 32465961 492573767 691650882 482458313
29116034 359823924 456763046 483594560 17263107 322096181
986 988
725485097 665930261 919827369 81202124 675407867 252613528
5580494 6836531 2174407 2799069 4918278 7535888
236095393 216565885 586018643 884872434 309962724 356963598
84956 882911 6379960 2040339 7788813 6527270
953 979
595591174 306847643 137829354 371956883 610477106 406321777
1379230 732091657 749603413 402500880 76609241 678961067
153908702 407662247 819729673 884825756 539301119 851227978
453958530 850513626 787864596 644880740 192965608 819911626
954 979
971721081 188005802 655897805 76428774 535846279 767928863
7773578 6192810 7924914 7033265 9813462 6966118
464382924 457495745 887061236 911161949 18094648 543876984
6408791 8057807 8862327 8122721 1920105 3146800
957 981
904368413 97778012 191909683 756040993 43116923 538870402
1466007 3741080 7570423 2530958 5998281 2997541
311048965 871298578 586935858 837135417 59575211 995038318
4729861 5112658 2596533 9826674 6172683 5707201
1000 1000
97757432 84110822 628897545 693463948 957914468 825089773
763685683 864317279 879535309 735020961 839663565 817816847
97757432 84110822 628897545 693463948 957914468 825089773
486279783 481768911 418706674 945199424 556237449 966152713
959 967
922797211 763773835 477905718 77927337 710525647 391110345
7402378 6132659 1662684 5924441 9928044 5888279
555417051 778239059 83975852 128583566 795148463 294750235
5188798 3245394 7304806 9512917 7267630 881371
982 972
898960767 45889081 575152110 205200173 126533926 968206551
508400560 428174312 649289806 837493246 802313310 513364966
481127929 862849436 644008002 258817802 992700036 517600830
562100385 987950629 2267747 412689413 915635906 799248852
972 952
818646001 174414661 339101053 233303655 949206626 731846963
3709675 1180159 2244211 201032 1298783 1476714
800996331 424066615 874220884 816348185 405211989 745928624
6924372 8938713 9269424 5905405 2344160 678923
984 969
393703899 72596884 482218703 511426554 1512943 72312218
8926981 3678906 4428215 9033017 2079942 4574051
241967148 661752262 163558076 963362402 565874728 156169393
5524846 5970748 9319506 3228504 3924712 2212882
983 966
272251226 159652857 495483467 271010137 232972702 713625411
507390912 926455995 825113949 119598690 658273529 157572226
855400206 694036925 93894240 473245528 700802309 335537003
757771152 877532565 924128801 686701693 387158534 662270649
973 971
957713310 110011154 231184334 410643022 15101122 873733340
387287779 165671354 522862405 305424582 808770324 202459751
297408445 495409411 450500344 159968740 282185254 653334432
575717873 910782979 718574613 681122309 227405284 551815113
955 975
776991798 149618965 68220980 302849902 383274594 545420778
32509350 548283137 596930669 906425124 116819877 324388601
974743328 952026229 374611688 545531519 541687642 254890875
283951370 198208365 653709722 284782231 548566847 535767925
983 975
875500252 835885921 343490169 678203959 398716803 950854670
303775582 137593814 252619238 963117399 752961640 826191838
398025358 522565022 376674218 894858344 799960446 618143921
595499952 295529088 580552020 672603316 428771637 800208366
994 999
650380359 257958920 920513035 219549195 118329203 524354526
933831115 448890730 991356882 669941940 149984442 241479349
306079915 495176035 945623529 675190016 117283515 658345726
525963165 678858410 675850467 978194391 187507654 362517075
975 999
774747825 23302608 981011161 398118477 689921443 879869745
216498688 777064276 34931611 422758658 891217006 355410606
990299921 175016609 682588717 877575559 804189418 15731430
121306497 96977891 120829590 175266069 601129595 961476282
951 978
58441615 843461256 450811280 416142022 63459754 260780489
5372513 6327420 7270111 9342578 3088144 4202417
465465600 869028922 569505673 754333622 505065 432096116
1489522 7429602 6822207 1777475 7762807 2865685
959 984
200952179 705653059 314727933 494463551 30046078 773472961
3583937 2144555 1035322 143841 1807206 1570028
706999094 142208386 241507342 569695627 485704859 253206633
2746948 6858068 3845635 3426438 7572894 7446765
950 983
2570 5201 2301 5340 6492 6727
7931 6031 2032 2321 644 8116
4683 3903 3586 4261 6554 3001
1233 110 4826 3693 972 9231
1000 959
558968202 399759810 51541666 745306660 587736368 953625901
643814131 458474581 203384926 508554464 145686893 379784750
283611804 985723561 265579065 88258575 652828677 269205735
688379187 944926131 806677563 678690768 477156719 305585407
972 980
780214686 362887983 252243283 329982983 751520234 317551093
604235129 276147353 146859165 820799614 977207240 357300371
270266261 151739937 857039590 341151387 941871585 292014896
152901881 998398715 956493558 542315462 421519209 27642582
950 968
6854 2305 2035 9638 5998 4477
97 33 68 98 66 78
1650 9499 8346 5551 1315 7668
83 69 54 74 3 92
995 952
911638153 260352440 537676672 786652033 532457551 911194261
881933 8995140 2459171 7918930 2065914 3731197
689997817 928571378 546157609 560559958 782881918 750701686
9214431 7170813 6768894 6659723 9750678 1040411
990 960
73003963 569554962 361568949 798369557 69640300 845045675
72308903 969880491 89007006 202539579 41847601 126346561
999832103 404185348 285870775 913686863 848866413 921463866
979014232 82342847 866315081 702221367 505169598 223863986
954 963
853454840 212565345 370824969 986769914 809538664 932265468
683833875 387739295 84556269 912723770 923489536 457608409
232372821 302750981 600523002 830847985 728904490 178192301
96091463 170259018 191592784 375677367 919754594 372478706
1000 976
310904444 583079829 984630629 551098472 114082971 848926885
587975383 996879662 393388001 599482883 78230825 152819169
787849867 521520026 723787153 585445592 161138280 411703313
168612710 218857678 303780314 891615101 156915694 199817454
960 966
306656107 484903130 849823661 506225190 374558250 729806682
984634189 739030417 474006513 142754052 994276668 378832949
395798707 599936075 760968353 304726726 15953543 496442282
411603441 949038269 402003032 482180202 268585933 277022088
980 967
66513297 813388494 351374348 903021377 427993383 546927396
29069332 612376805 160660733 267126375 880193938 858416120
12175323 50031170 599511203 153525946 868989804 502662709
256578635 950156877 989373092 516131291 424840625 301325801
967 968
418104486 984703419 736289595 733188401 111713555 735018957
604777409 838054366 385125454 197863655 510499090 881096349
13157514 86655511 628828185 16097618 2326383 450542066
587307351 971928161 303215307 700032855 552202307 234601078
973 976
861589829 814210872 280543279 194898832 348961530 49067985
749586705 275602992 419671618 431949860 181035965 973996791
518468005 94985385 850258928 156008166 12643629 847616463
411294988 993028179 750450154 812896094 816894312 14783893
968 972
699806988 189632581 23682413 230031630 325925086 338214869
8674046 6786571 720146 6199508 2365935 548003
720033985 133384846 21801748 119120241 248119207 324505403
1750712 9661728 5528622 9875059 8384122 5699652
972 999
190540976 399233584 633588502 877110993 679445617 741106408
8259871 826363 6108669 1521999 1697877 4184155
522685822 144351892 443113484 892474165 332031658 615519088
1360358 2132721 7102887 7595673 6133047 3319183
955 979
554257212 470467010 162029806 680076590 81013081 970159508
588091436 9845805 657437707 973542795 122196415 216262702
695333940 9402912 557027678 645254099 141550032 6037435
990331249 362201139 548798127 359732764 239221096 334633490
980 964
165586535 774906404 721665830 446865230 434513962 243039843
4697261 5581862 1602825 6337366 3249031 8626284
46571775 343217551 175820849 722894288 333353284 553825225
9256777 4650386 1429838 8799768 7836504 4565018
1000 1000
743572698 221339227 106698784 618591795 475447684 544660860
814714870 900627605 633322325 649700198 513441185 940608095
743572698 221339227 106698784 618591795 475447684 544660860
814714870 900627605 633322325 649700198 513441185 940608095
977 957
841253125 901409499 881146233 954735919 388568545 959988996
463985942 411796965 1412539 313861504 205508974 464116401
620124157 512122125 384177937 673204260 562799879 881784389
821957876 661322013 748304194 148297818 446886073 58131878
995 994
855592335 949479632 64947439 870951125 625408973 356871033
5455350 1565218 5751062 14668 672847 6403217
788826268 832665484 792657733 656946507 832494198 493126375
8455952 9226831 5471817 8271544 427049 1979006
1000 1000
1 2 1 0 0 1001
1000 999 1 0 998 1000
1 2 1 0 0 1001
1001 1001 0 0 1000 1001
981 967
629117879 138094073 655805884 669537493 617486757 874608530
4989849 4842515 9660331 2024719 1336980 2005992
157210685 124022745 140064395 287190288 997889274 366679410
5020165 7992338 9960979 121419 717110 9889268
966 996
682528904 205754125 30998222 233997631 308523546 252325950
448993353 231327363 34275165 171700251 472755319 599473943
96340880 837486261 376427002 961061155 496232292 852903412
572251601 930946688 18750831 660130801 487483551 41698308
967 997
263464520 273738952 136678593 190996860 595533671 832761595
2146063 9968155 5322137 6392821 9347931 1359874
638833334 302352990 868275746 566858398 60680212 582474886
275730 6976398 1708151 7079803 6958259 8312749
950 968
507702012 555997686 959276478 323982997 181191363 703625157
310012890 489325919 881430420 438602509 399240981 562304292
307045313 873908378 208911112 348299414 297003845 669453788
206803746 61613558 385218351 461424363 761624637 663094150
990 991
1056 6021 6131 3870 3280 4000
23 3 100 49 49 98
741 4305 5456 8627 702 4658
56 64 63 40 61 77
975 1000
4762 4272 2714 8372 9569 6954
38 27 72 36 65 58
6736 7935 8799 1345 3122 4998
5 44 98 67 53 11
982 992
844090100 850554201 585960887 301160457 848435857 592070348
811954073 726172343 477676438 804468108 570484744 331346050
592734295 260257260 896474595 627580128 317915225 720678639
249302250 231512408 164508200 628546884 824695225 463655963
963 971
306796827 136928611 370554115 638583822 566974321 380137588
2698823 8779578 5521099 5004703 6666467 9813562
714399266 373604673 671240983 79211472 826765013 94254810
1805095 4045190 2444643 105779 6969909 7986704
953 952
440359210 546095115 882734762 122715266 28429767 292469960
8186921 1998609 8174626 6020559 7852644 6805614
243649452 337708615 308460786 667797035 98672785 914404841
3956532 9355411 6149438 8936910 125617 3540167
973 978
377198160 991897733 543316262 969529196 289010727 526801399
927871781 68180601 511302707 216984537 770806712 986847383
277971403 215196296 393408684 332000757 622809253 776314850
155820803 689710817 331705242 62295245 623453926 108227547
993 951
970154917 355141409 603337421 182542850 902047157 670996883
7392760 9526532 8860797 8461528 4487469 3258229
14647760 609200168 715219019 775469951 274474752 568766868
2856509 6965859 4542230 6189775 3278374 3533521
950 955
158509428 788506013 542774105 872588680 579285978 929111009
6566834 3834027 8149064 6069652 7324363 5221711
927295374 533231957 708072361 837246784 413576777 937252284
2726594 3459037 2857977 2530236 2082445 8061811
1000 996
235590567 882191002 827426643 113736954 321758486 714403611
642640978 978230966 6428248 604384876 487534975 612407239
712271854 264079902 717060990 520575565 844907896 457583136
541727736 131351528 80441073 674880513 766681925 380689427
996 971
383795112 370733498 873994059 875812327 398558810 442774043
268442098 544349584 219874698 951433196 165898705 292405098
835072643 139251797 682093463 475876850 27144695 822679325
73745205 999923172 658698651 958609416 380418895 381594279
959 960
831701353 69104179 796114026 289817391 884429851 232461746
5517660 8874274 8192920 5925404 7012966 6233172
949572598 225037991 484911609 865181837 597397395 129845046
5815959 1086829 23357 2664220 3577551 8207586
962 974
609164263 180945431 279832824 642201528 564334084 698339406
705562510 171462804 504799702 253117119 996585227 438832349
424025746 767251144 303729206 251526602 123724332 325965327
591370327 118995949 249999002 547663383 854589649 884099998
1000 1000
1000000 2000000 1 0 999999 1000000000
500000 501000 1 0 1999 1853081
50216 514 7 445 6737 998500201
36336 33663 63 36 33 1787783
981 961
438919666 469633519 278039196 524001567 301064198 406635683
477944777 958767239 563180413 279245205 222272223 680230843
682491753 597440326 979549960 788659150 225406818 674249048
645658771 80241050 287815732 780960716 346606244 659935445
961 979
752297484 146567254 760799460 500785504 470283812 865924204
956099444 552109324 786480941 94073001 186580823 680951222
34337849 537910480 961237454 806931573 182429919 435504382
62691781 443440262 544957927 825127391 302398410 276437801
966 975
687968305 624534030 979911195 828206807 332510313 846054614
8728 8538311 4235966 3127817 4964679 2272436
316474699 217966659 542189756 399220078 137995084 607529500
7788582 2100277 864205 6764132 6473078 360580
996 965
4695 4791 2937 7340 2618 6606
42 85 87 5 37 28
8795 649 3435 1654 4005 5159
12 23 60 25 87 55
995 991
412051411 312823414 669327653 459836196 668603015 48341746
4941933 943498 9327240 7744323 1647322 7486158
668803202 670534136 228812475 94119723 535278344 71344154
9586300 4778933 5147675 1208495 5756058 8194715
973 989
923416639 86716148 516954625 348186136 787752651 472272248
8610698 5304461 6239751 4949806 5502027 6410921
858965566 125933413 825583529 965602232 809339301 879429001
2442988 7767521 883943 8564994 7223630 6427487
1000 983
346057736 997151813 321328398 669193169 92494044 58201037
81290202 622509231 514213245 704001889 520984230 734157316
859931279 173449405 947022838 530353343 615540437 660339774
870859581 817743814 974411874 854051726 654817055 193265454
996 1000
112998710 974690039 123403112 549593824 784954052 584991197
720996 3397447 5465784 3328855 3768191 2775065
792100858 312795997 12999440 881609430 437628090 564318508
6184040 8150569 3072508 4253383 5732457 4505320
998 983
552260942 738459621 197887882 243799241 4751345 725310573
428247114 651498838 32341677 900082713 179321757 293919992
309692758 728719431 471084145 548110589 737395540 203922740
62237656 851923226 836568860 588991128 411644154 231743011
987 969
502030092 109034356 290430616 48691965 647313704 891334597
1959032 5907930 1595657 7775544 8487452 8145327
948615524 393084140 283826923 783172773 3985911 878611695
5970291 287181 4298100 8424157 1733642 744098
951 985
534512808 490378537 553637470 423137075 456637946 184570037
6424782 3003386 614647 8564386 8040331 4852799
249524436 911034996 732836207 205232579 118549982 592176712
5090670 1122038 8840231 1112138 8335373 8134487
957 988
763468823 182341038 266011374 121108137 29632730 528496553
6944177 6017048 4982110 124278 6193431 5256649
375536416 232033312 990357440 460955888 50713681 836392531
7598978 9372933 365116 507877 5703080 3814430
997 977
43584315 450823043 386006558 227274583 959949932 341959072
544028277 362514606 416414171 785502964 895116549 242457934
721242662 171738890 949200074 33515886 586164791 199084684
564493603 293813630 902974261 430158547 564840239 265657293
954 963
891182283 944801246 238511753 673247766 207706898 444827363
515409215 43812061 430376482 81703130 306077243 275137843
475674187 534930187 355524185 655373301 950779598 473330713
330591028 70693953 253847451 950542428 197263836 520750939
979 979
278930299 304308902 998776113 280204073 195395154 175596094
98057773 999472200 909280848 148755905 117861960 431164584
95854981 741365927 777943867 963988007 40041593 624068897
799014272 186875295 36305038 112313220 164682420 2787935
999 982
481644706 383872385 273812505 315011073 745151939 38591118
4742661 5078489 2606277 652464 8255128 7174667
763024818 714014750 370649166 852721078 707278748 376515656
8970020 96626 6946980 8100562 6405595 1363632
981 1000
533245396 392605898 526482416 670208087 258747800 431885133
652903039 905468781 323730378 214133522 261393954 738180254
615911626 68299487 912851494 125520105 120563643 293764453
848687898 199841223 207727808 101616733 818201486 43293646
959 956
287775202 756447816 498077584 889827839 67809015 519327699
642531171 713802089 885314448 672898169 299273784 874770211
907702817 717265408 238810082 590288554 801899908 776533688
92320732 639676264 231039044 274357152 792963845 813710196
952 956
407725273 68225184 41666040 489101023 659377267 384975259
934462903 212636572 539398068 423082889 245075986 191216911
928765708 719114230 212314400 566222784 388103878 858659316
244876911 312012999 912889697 914835128 76991014 312505688
968 981
390309063 436732054 767384386 51130441 793486194 74887892
302606847 435669472 440342639 55541126 872255178 513490714
956806405 551282461 390244423 247283917 729362472 454552402
586676570 988249915 950807003 573485862 582410963 3606806
958 987
865412424 913151991 583075403 546668566 528845881 883277033
8440247 2251727 3873121 5464842 9813687 4230206
673333241 255651665 677827549 724401567 659211751 574007811
1774888 446658 8489042 926759 6097694 4670526
958 970
903290991 431594114 737164442 828546347 219147096 305985959
7183536 407601 6677726 6700965 3484480 4866899
871087885 920952179 168069569 255692439 488678491 750011827
8154411 8511952 1107832 9944294 4111224 3485695
988 996
14562625 294036142 263863900 533969433 156908393 456475380
3761053 6524964 5251911 2497487 4880900 9461702
252303061 686746742 106337218 604495585 37111922 943216480
5540289 9351359 8126307 9173437 4406149 6833345
981 964
931864692 736842529 30616757 879602321 722887395 192365556
795871710 492410847 952931839 725800083 486941002 602140200
256959260 989974886 119220762 255134266 927404710 680646343
543600273 897939731 420002446 346032602 411663592 990743465
983 976
430523820 547452694 124561147 760486078 923728472 577308870
5347212 7371051 1386221 5482709 3932896 7777701
847471075 34139648 110768751 768325850 12108413 689051496
7043246 6125738 9193287 4693858 654710 9113836
2 1000
99999 1 0 0 0 999
99998 2 0 0 0 999
1 2 3 4 5 131071
2 3 4 5 6 262145
954 960
11329 705672465 123173022 459544409 94402280 744608591
771581116 701753253 423411847 902585402 11219276 956070351
408316299 206100074 898118641 157236091 750209765 694661653
28676612 544316799 696153325 373175175 234323433 791084509
961 968
844289639 389056554 882435498 32341658 87091889 516391500
1375582 1893585 4194976 6806495 7228476 5704644
409310099 545792510 905982855 785795833 827578039 113333348
5222992 9978068 2508511 8853010 8792816 418849
985 961
273518348 111219262 187598134 32990625 736534524 674294937
3370915 2314656 5539630 2550203 2628636 6884411
905377027 725511316 293746075 994366763 422927982 544765947
9146686 8545752 3289416 560051 8510271 1436175
950 993
997623182 590145424 224733699 632256803 137166232 487410737
494702129 152350206 820747453 463914578 492765100 796037068
729179754 402004940 821877329 422618225 123651158 325098844
149754494 2083310 552403721 474597508 610334215 782528519
1000 1000
188671750 5708577 297641350 284844711 574271738 118086714
824593863 763707677 57007738 574732177 589541644 542020106
860061359 450568462 0 0 112453428 80242274
816084777 297218673 543278702 987023758 336783214 821418020
959 975
359502861 867217105 358962435 832800772 98694418 897597808
7790864 312562 3254588 6903176 6385370 8806576
701747055 18927141 196174048 83474749 422201545 712219637
1039330 5699476 3651429 7302496 7189614 6987028
983 988
985533303 162093630 699821970 522091549 965790158 476268197
358235341 674534621 592394797 98069557 625463940 553558349
883391666 34927356 625588578 769400755 179885243 395770049
535018823 129248308 789250932 604152432 83334829 257543637
952 995
724345395 357572860 339181700 359112190 709004439 32018999
907080858 319072452 353362801 296112945 138389211 717764003
669246114 417582567 965806525 497647253 409915882 43615666
603078281 122105973 426657730 456721094 204051493 177286038
962 998
388861128 894241402 27772486 786130166 697901123 40544753
6320750 2499938 9858160 6961355 7326394 6992386
941684858 339986338 402235069 210717986 727834608 842680061
5517438 630221 5158764 6200940 8261259 9735813
1000 957
828837957 597870241 729245387 165413176 152817875 630984886
850009216 353964428 106136024 983705171 218910189 55184556
607070124 636125820 29840434 303621973 84364111 257980242
961053157 928217560 146215510 811563746 370234921 340947174
990 975
531194654 748631131 825533734 645897793 910120372 239755462
140949685 82013958 149459468 762276661 469681952 796529642
557429678 493147110 151562085 381876476 887407841 722515745
568971508 522595751 56038954 65917403 695757232 247086427
956 993
762980650 568574907 46026499 375495642 629718603 593485427
4321635 3417234 4713611 6518449 4437724 6836109
439639817 586172000 80384899 525723641 686793692 593635844
9833750 6415894 6032738 8301351 3881969 2451610
983 992
58991258 598907267 518251135 877415920 141953064 769521393
8790377 9063836 6828346 7016274 2810170 6011151
648704303 655971677 926278840 13793062 284441253 438666781
8714422 2187368 8220118 1319637 8091157 7911333
1000 1000
10 20 1 0 9 100005
10 10 0 0 9 100005
12345 54321 2 3 4 10243
3 10 7 9 4 17
995 980
488862838 911232043 164354519 533236585 350832642 853314992
545822719 604833752 595710750 752920560 966809913 919061532
8720110 884286348 877581918 224998268 675024016 813928750
154215480 499547995 959733655 440589613 100101660 413846325
990 962
858905239 681058001 393111331 19927000 272165032 601532423
380755640 482410879 933199559 256618139 991606374 223797358
64808024 234207022 288401180 379938779 762283181 141482964
636359363 687380622 439643273 93184163 27202294 382165990
