100
5
1 2
2 3
2 4
3 4
3 5
3
1 2
1 3
2 3
9
1 2
1 3
1 6
3 4
4 5
4 7
4 9
5 8
7 9
16
1 2
1 4
1 5
2 3
2 8
2 12
3 7
4 6
4 9
4 14
5 11
5 15
7 14
9 10
10 13
11 16
24
1 2
1 3
1 4
2 5
2 7
2 13
2 17
3 6
5 10
6 8
6 12
6 20
7 19
8 9
8 11
8 16
10 21
11 18
12 14
13 15
13 19
16 22
18 24
22 23
8
1 2
1 3
1 4
3 4
3 5
4 6
4 8
6 7
6
1 2
1 3
2 4
3 4
3 5
3 6
19
1 2
1 3
1 5
1 11
2 4
2 16
2 19
3 14
4 7
4 9
5 6
5 8
7 9
7 10
7 15
9 12
9 18
12 13
15 17
8
1 2
1 3
2 3
2 4
2 8
3 6
4 5
6 7
24
1 2
1 4
1 5
1 10
1 13
2 3
2 6
2 11
2 15
3 9
4 12
5 21
6 7
6 14
7 8
7 17
8 20
9 18
11 16
11 23
12 18
14 19
17 24
21 22
20
1 2
1 3
1 7
1 13
2 4
2 5
2 9
2 12
4 6
4 14
5 8
5 15
6 10
9 11
10 16
11 14
12 19
14 18
16 17
18 20
4
1 2
1 3
1 4
2 3
17
1 2
1 3
1 5
1 9
2 8
3 4
3 6
4 7
5 16
6 12
7 14
8 10
8 11
9 13
13 15
13 17
14 17
20
1 2
1 4
1 5
1 12
2 3
2 6
2 8
2 11
4 9
4 10
4 12
5 7
5 17
6 13
6 18
7 15
7 20
8 14
9 19
12 16
20
1 2
1 8
2 3
2 4
2 9
2 10
3 4
3 5
3 6
3 7
4 11
4 13
6 12
8 19
10 16
11 17
12 15
13 14
14 18
19 20
9
1 2
1 3
1 8
2 4
3 5
3 6
3 7
4 9
7 9
24
1 2
1 7
2 3
2 24
3 4
3 5
3 6
4 11
4 19
5 8
5 9
5 13
5 20
7 10
7 14
7 23
8 24
9 18
9 22
11 12
13 16
13 17
14 15
19 21
12
1 2
1 3
1 5
1 7
1 9
3 4
3 6
3 12
5 8
5 10
6 12
10 11
12
1 2
1 4
1 7
2 3
2 6
2 9
3 5
5 10
6 7
6 8
6 11
7 12
30
1 2
1 3
1 4
2 5
2 9
3 7
3 12
3 22
3 30
5 6
5 13
5 14
5 20
6 17
6 27
6 30
7 8
8 11
8 15
9 10
9 28
11 19
11 21
11 25
14 16
14 18
16 23
18 29
23 24
23 26
23
1 2
1 3
1 4
1 13
3 5
3 8
4 7
4 12
4 20
5 6
5 10
5 16
5 19
7 9
7 11
8 10
9 17
10 14
11 22
12 15
12 18
16 23
18 21
30
1 2
1 4
1 7
2 3
2 24
2 27
3 6
3 8
3 9
3 25
4 5
4 8
4 10
4 15
4 28
5 11
5 12
6 16
7 17
7 23
8 14
9 19
10 13
11 22
11 26
12 21
12 29
16 20
17 18
18 30
7
1 2
1 3
1 6
1 7
2 4
3 5
5 7
26
1 2
1 3
1 5
1 18
2 4
2 6
2 8
2 22
3 7
3 11
3 13
4 9
4 15
5 14
6 10
6 23
8 10
9 19
10 12
10 17
13 16
16 21
19 20
20 26
21 24
23 25
22
1 2
1 5
1 9
1 15
2 3
2 4
2 6
3 11
6 7
6 8
6 12
6 18
7 10
7 16
8 14
11 13
12 20
13 17
13 19
14 20
17 22
18 21
6
1 2
2 3
2 5
2 6
3 4
5 6
18
1 2
1 3
1 4
1 18
2 8
2 16
3 4
3 5
4 6
4 7
4 11
5 10
5 15
8 9
8 12
9 13
10 14
16 17
30
1 2
2 3
3 4
4 5
5 6
6 7
7 8
8 9
9 10
10 11
11 12
12 13
13 14
14 15
15 16
16 17
17 18
18 19
19 20
20 21
21 22
22 23
23 24
24 25
25 26
26 27
27 28
28 29
28 30
29 30
19
1 2
1 4
1 5
1 8
2 3
2 6
2 9
3 7
3 15
4 13
4 16
5 10
7 12
8 13
9 14
10 11
10 17
12 18
14 19
28
1 2
1 15
1 18
1 21
2 3
2 4
2 6
2 8
2 9
3 5
3 27
4 7
4 14
6 10
6 13
6 24
7 23
8 12
9 11
10 17
11 22
11 25
11 28
15 16
15 19
15 20
17 27
21 26
17
1 2
1 3
1 4
1 6
1 8
1 17
2 5
2 16
4 7
4 12
5 10
6 13
7 9
9 14
10 11
12 15
12 17
4
1 2
1 3
2 3
3 4
30
1 2
1 3
1 6
1 8
2 4
4 5
4 12
5 7
6 14
6 16
7 9
7 28
8 11
8 15
8 19
9 10
9 17
9 20
10 18
10 21
10 23
11 13
11 26
13 22
13 29
15 25
16 28
16 30
18 24
26 27
6
1 2
1 3
1 5
2 4
2 6
3 5
19
1 2
1 3
2 4
2 7
2 9
2 19
3 8
3 13
3 18
4 5
4 12
5 6
7 10
8 15
8 18
10 11
12 14
12 17
14 16
28
1 2
1 5
1 12
1 13
2 3
3 4
3 6
4 10
4 11
4 16
4 17
4 25
5 8
5 19
6 7
6 9
7 28
8 14
9 15
10 24
11 18
12 23
13 21
14 20
15 27
19 22
23 25
23 26
13
1 2
1 3
1 4
1 5
1 6
1 7
2 8
2 13
3 12
5 10
8 9
8 11
9 13
18
1 2
1 6
1 7
2 3
2 4
3 5
3 8
3 13
4 16
5 15
6 14
8 9
8 10
8 17
9 12
10 11
10 15
13 18
9
1 2
1 3
2 5
2 9
3 4
3 6
4 8
6 7
7 8
28
1 2
1 3
1 4
2 7
3 6
3 20
4 5
4 10
4 11
5 13
5 26
6 9
6 14
6 21
7 8
7 22
8 12
9 10
10 17
10 28
11 15
12 24
13 19
14 16
17 18
20 23
23 25
26 27
11
1 2
1 6
2 3
2 7
2 11
3 4
3 11
4 5
4 9
6 8
6 10
22
1 2
1 3
1 6
1 10
1 12
1 15
2 4
3 5
4 7
4 21
5 7
5 9
5 20
6 8
6 16
7 11
7 18
8 17
9 13
10 14
11 19
11 22
4
1 2
1 3
1 4
2 4
6
1 2
2 3
2 4
3 5
4 5
4 6
20
1 2
1 13
2 3
2 8
2 18
2 20
3 4
3 17
4 5
4 14
5 6
5 7
5 10
7 9
7 12
9 15
10 11
10 16
11 18
13 19
16
1 2
1 5
1 15
2 3
2 4
2 6
2 7
2 8
2 13
3 9
3 10
3 11
3 14
7 8
7 16
10 12
19
1 2
1 9
2 3
2 4
2 6
2 16
3 5
3 12
3 18
4 11
4 14
5 17
6 7
6 8
9 10
11 12
11 15
11 19
12 13
5
1 2
1 5
2 3
2 4
2 5
26
1 2
1 3
1 12
2 4
2 5
2 6
2 8
2 15
2 17
3 9
3 24
4 7
5 11
7 13
7 22
8 16
8 23
9 10
9 14
9 19
13 18
17 26
18 21
19 20
21 24
23 25
30
1 2
1 3
1 4
1 14
2 7
2 10
3 5
3 6
3 21
3 25
5 8
5 10
6 12
6 17
7 11
8 9
8 13
8 15
11 30
13 16
13 18
13 29
14 19
14 24
15 26
16 20
16 23
16 28
20 22
20 27
25
1 2
1 8
2 3
2 15
2 24
3 4
3 5
3 7
3 11
3 20
4 6
4 9
4 14
5 17
6 19
8 10
8 12
8 22
9 13
10 23
11 21
12 16
13 18
14 25
16 18
9
1 2
1 6
1 9
2 3
2 9
3 4
4 5
5 7
6 8
8
1 2
1 3
1 5
2 5
3 4
3 6
5 7
7 8
25
1 2
1 6
1 10
1 20
2 3
2 4
2 5
2 24
3 14
4 9
4 11
5 7
6 8
6 13
7 12
8 15
8 25
11 18
12 19
14 16
14 17
16 23
17 21
18 22
20 21
26
1 2
1 5
1 6
2 3
2 4
2 7
2 14
2 15
3 26
4 17
6 8
6 11
6 13
6 20
7 9
7 23
8 10
8 18
8 25
10 21
11 12
11 16
11 22
16 19
16 26
20 24
29
1 2
1 6
1 14
2 3
2 9
2 13
3 4
4 5
4 11
6 7
6 10
7 8
7 15
7 17
7 22
8 19
9 12
9 15
9 16
11 18
13 23
13 26
16 20
16 27
19 21
19 29
20 24
21 25
27 28
29
1 2
1 4
1 10
1 26
2 3
2 8
2 28
3 20
4 5
4 11
4 13
5 6
5 7
5 24
7 22
8 9
8 21
9 14
9 26
10 12
10 16
12 15
13 17
13 23
17 18
17 19
21 25
22 29
24 27
23
1 2
1 5
1 13
1 15
1 20
2 3
2 4
2 10
3 6
3 17
4 8
4 18
5 10
5 16
6 7
7 9
7 11
8 23
10 14
11 12
11 22
16 19
16 21
5
1 2
1 3
1 4
1 5
2 4
30
1 2
1 3
2 3
3 4
4 5
5 6
6 7
7 8
8 9
9 10
10 11
11 12
12 13
13 14
14 15
15 16
16 17
17 18
18 19
19 20
20 21
21 22
22 23
23 24
24 25
25 26
26 27
27 28
28 29
29 30
16
1 2
1 3
1 4
1 9
1 15
2 3
2 7
2 14
3 5
3 10
3 13
4 8
5 6
9 11
9 12
12 16
9
1 2
1 3
1 7
2 4
2 7
2 8
3 5
3 6
5 9
6
1 2
1 4
2 3
2 4
4 5
4 6
14
1 2
1 7
2 3
2 4
2 9
2 12
3 5
3 11
4 8
4 10
4 11
5 6
5 13
10 14
12
1 2
2 3
3 4
3 5
3 6
3 12
5 6
5 7
5 9
5 10
6 8
9 11
7
1 2
1 3
1 5
2 4
2 6
3 6
6 7
13
1 2
1 3
1 4
2 5
2 6
2 7
2 8
2 9
2 11
3 10
6 12
10 12
12 13
21
1 2
1 3
1 4
2 14
2 20
3 7
3 8
3 15
4 5
4 11
4 13
5 6
5 9
6 8
6 18
7 10
8 16
8 19
9 17
11 12
20 21
4
1 2
1 4
2 3
3 4
17
1 2
1 16
2 3
2 4
2 5
3 6
3 8
3 9
4 7
6 10
6 11
6 12
7 13
7 14
10 11
12 15
14 17
12
1 2
1 4
1 6
2 3
2 5
2 8
2 10
4 7
5 6
6 11
8 9
10 12
23
1 2
1 3
1 6
1 8
2 4
2 20
3 14
4 5
4 7
5 9
5 15
7 11
7 12
7 23
9 10
10 17
11 13
11 16
11 18
14 19
17 21
17 22
19 20
7
1 2
1 4
1 6
2 3
3 7
4 5
4 6
13
1 2
1 4
1 7
2 3
3 6
3 11
4 5
4 10
4 13
6 8
6 12
8 9
9 11
30
1 2
1 30
2 3
3 4
4 5
5 6
6 7
7 8
8 9
9 10
10 11
11 12
12 13
13 14
14 15
15 16
16 17
17 18
18 19
19 20
20 21
21 22
22 23
23 24
24 25
25 26
26 27
27 28
28 29
29 30
29
1 2
1 3
1 4
1 6
1 17
2 5
2 10
3 8
3 9
4 7
4 24
4 28
4 29
5 15
6 21
7 14
7 19
8 11
9 13
10 12
10 16
11 18
12 26
13 25
14 18
16 27
17 22
18 23
19 20
7
1 2
1 3
1 6
2 4
3 5
4 6
6 7
10
1 2
1 3
1 4
1 7
1 9
2 5
2 10
3 6
4 5
4 8
9
1 2
1 4
1 7
2 3
2 8
4 5
4 6
6 8
7 9
20
1 2
1 3
1 4
1 7
1 16
1 17
2 5
3 6
3 9
3 10
4 11
5 6
5 8
7 12
7 19
8 14
8 18
11 13
11 15
12 20
13
1 2
2 3
2 7
2 8
2 10
3 4
4 5
4 6
5 12
7 9
7 12
8 11
8 13
30
1 2
1 4
1 6
1 24
1 28
2 3
2 29
3 11
3 16
3 17
3 20
4 5
4 7
5 9
5 14
6 26
7 8
7 10
7 12
7 13
9 15
12 19
13 23
15 21
15 28
16 18
20 22
20 27
20 30
21 25
23
1 2
1 4
1 14
2 3
2 11
2 20
3 7
4 5
5 6
5 9
6 8
6 13
7 9
7 10
7 18
9 12
9 17
11 19
12 23
13 22
14 15
14 16
19 21
23
1 2
1 6
1 18
1 20
2 3
2 4
2 16
3 5
3 7
4 8
6 12
7 10
7 11
7 14
8 9
9 13
9 23
12 15
12 17
16 19
17 21
19 21
19 22
15
1 2
1 4
1 5
1 9
2 3
2 10
5 6
5 15
6 7
6 8
6 13
7 12
9 10
9 11
9 14
11
1 2
1 6
2 3
2 4
2 11
3 5
3 8
4 10
6 7
8 9
9 11
8
1 2
1 5
2 3
3 4
3 8
4 6
5 7
6 7
19
1 2
1 3
1 6
1 8
2 5
3 4
3 7
5 9
5 15
6 15
6 19
7 12
7 14
8 11
8 13
9 10
10 17
11 16
16 18
13
1 2
1 3
1 6
2 4
2 5
2 9
2 10
3 6
3 7
3 11
6 8
10 13
11 12
8
1 2
1 8
2 3
2 4
2 6
4 5
5 6
5 7
17
1 2
1 3
1 4
1 5
1 7
3 8
4 6
4 15
5 13
6 10
8 9
8 11
8 12
9 13
10 17
13 14
15 16
20
1 2
1 3
1 8
1 18
2 5
2 7
3 4
3 9
3 11
3 12
3 16
4 6
4 10
5 15
7 14
8 9
9 13
12 17
13 19
19 20
13
1 2
1 5
1 8
1 9
1 13
2 3
2 9
2 11
3 4
4 6
4 7
7 10
9 12
29
1 2
1 3
1 4
1 25
2 11
3 18
4 5
4 6
4 15
4 21
5 7
5 9
5 10
5 14
6 8
6 20
7 19
7 24
7 27
8 12
8 16
11 13
12 22
12 26
12 27
12 28
14 17
18 23
19 29
6
1 2
1 5
2 3
2 4
2 6
3 5
29
1 2
1 3
1 15
1 24
2 4
2 5
2 6
3 10
4 7
5 8
5 9
5 21
6 11
6 12
7 16
8 11
9 20
9 23
10 13
12 14
13 18
14 28
15 17
18 19
19 26
20 27
20 29
21 22
23 25
8
1 2
1 6
2 3
3 4
3 5
3 7
5 7
6 8
9
1 2
1 3
1 5
2 7
2 9
3 4
3 6
5 8
7 9
16
1 2
1 3
1 4
1 6
1 9
1 12
2 10
3 11
4 5
4 7
4 8
4 14
7 13
9 14
9 16
12 15
4
1 2
2 3
2 4
3 4
