10
5 371094 2597554 69382646 8 99062422 
12 6553139 40789 2519037 81594 46824888 84 4912 27575435 2774 4060 331605 7438162 
5 36 65156096 71969458 2 221919 
7 738734 979629710 4841 7027881 6107446 267092962 634173170 
9 16252 6294622 6670 932636725 8 221842 111612 86053044 823517544 
3 589 70 347090831 
9 7853 6 3174 1 14675 42 10793760 777031 23350 
15 5143 23971 93 68615 4384503 3 5867 96099 81021 10506439 137503 43398308 52626 9895727 3 
6 9819 93 808 2025523 36 593697 
3 497384 767669 80690
