100
2
68 1 808081155
8 1 89900475
2
280 1 469948161
83 1 810580981
2
125 1 98809315
348 1 490852771
2
127 1 145464630
2 1 339033845
2
164 1 245286229
189 1 7324521
2
26 1 474449448
149 1 385246007
2
150 1 185315851
173 1 775958471
2
11 1 980588844
216 1 575509668
2
237 1 822138975
314 1 534437824
2
64 1 7849052
350 1 17705270
2
258 1 236529118
95 1 673279173
2
78 1 536249506
350 1 799495395
2
27 1 869143739
81 1 587554200
2
353 1 268115483
4 1 654605123
2
180 1 30
180 1 10
2
300 1 956689214
274 1 47867447
2
279 1 679953698
204 1 434342012
2
163 1 256224162
273 1 96522670
2
4 1 353671340
64 1 703462800
2
140 1 396055081
56 1 955686503
2
26 1 624082535
216 1 740761649
2
249 1 863047005
319 1 489745548
2
118 1 58688422
25 1 121956732
2
359 1 40000
157 1 71133
2
125 1 708358514
335 1 5900053
2
106 1 245102802
114 1 824057911
2
94 1 753872311
244 1 767250142
2
255 1 653887223
24 1 373184257
2
309 1 713549684
67 1 232997763
2
154 1 66846330
97 1 461370975
2
110 1 189920308
117 1 837869461
2
60 1 456123835
256 1 64479436
2
77 1 327380026
329 1 77399349
2
243 1 329049102
140 1 759974583
2
107 1 748894492
359 1 255349761
2
13 1 122947331
20 1 16530494
2
317 1 529407038
201 1 64854044
2
306 1 952570085
256 1 967570398
2
150 1 63109419
130 1 189816382
2
33 1 752405843
148 1 6565754
2
292 1 818248695
93 1 967352231
1
180 2 1
2
267 1 306247812
57 1 415281692
2
271 1 490521747
202 1 715645347
2
245 1 755154328
277 1 32690665
2
206 1 514907095
97 1 566950636
2
198 1 858839468
302 1 328494052
2
238 1 614069270
224 1 321041988
2
340 1 776325277
115 1 700478648
2
195 1 978512302
196 1 190271723
2
131 1 64125406
356 1 33813608
2
314 1 841866922
158 1 92725014
2
249 1 180169973
13 1 135627427
2
130 1 600856026
318 1 331047076
2
82 1 244415769
36 1 1000000000
2
136 1 301835077
315 1 965183360
2
97 1 821957491
30 1 633913247
2
211 1 10623561
254 1 298844490
2
300 1 541393002
58 1 962188145
2
68 1 712915655
284 1 741697838
2
285 1 221935660
45 1 62550157
2
117 1 135758209
209 1 57775862
2
259 1 15620374
308 1 265941137
2
253 1 11285674
128 1 798969825
2
180 1 100000
180 1 1
2
142 1 143316752
208 1 124083871
2
197 1 613048074
29 1 862344448
2
161 1 607039957
21 1 904802598
2
343 1 255541452
108 1 946805384
2
345 1 710013496
285 1 725783690
2
350 1 834297368
222 1 143294165
2
121 1 624669590
132 1 615184256
2
322 1 300897690
92 1 115551068
2
51 1 471197411
356 1 400000000
2
346 1 526720368
224 1 773231260
2
318 1 104168430
19 1 797609562
2
356 1 465316975
78 1 578077158
2
357 1 869628048
111 1 323059929
2
92 1 871207189
280 1 438093081
2
86 1 216490741
359 1 378228329
2
324 1 908719958
348 1 976869584
2
79 1 648484619
139 1 243375670
2
294 1 717180289
311 1 926798658
2
342 1 544477466
206 1 775433722
2
133 1 941954521
326 1 485894879
2
205 1 391142816
126 1 325325419
2
154 1 790902332
341 1 147138108
2
224 1 43258109
331 1 328227168
2
139 1 79450322
121 1 471497163
2
159 1 995844337
295 1 453570533
2
335 1 566743752
12 1 52965914
2
151 1 619499101
22 1 129796657
2
305 1 781477136
146 1 977369349
2
310 1 927895939
106 1 732902888
2
90 1 504269549
276 1 674674244
2
225 1 957476612
83 1 367322888
2
295 1 603760431
205 1 924981345
2
157 1 913346459
339 1 179784883
2
344 1 602950042
75 1 674453178
2
302 1 787061703
317 1 737295557
