100
6 1 1000000000000000
1 1 1 1 0 100 0
6 1 -100
1 1 1 1 0 100 0
149400 51678 12600562331630
974373377 664325356 776305374 442773313 867558269 820324943 0
345946 88487 1000000000000000
146903746 480810994 303285734 800931534 660746717 956477619 0
68188 51434 -827139021749159
640370579 867526062 548995439 565230429 433164518 998775075 0
33007 18113 -637904242236139
413392710 729368696 941673843 852620688 723074644 751904683 0
48947 0 -883984218612313
222820913 222820913 0 0 222820913 1000000000 0
500000 500000 183252833841243
379453683 217571768 525971405 427003481 859239580 251765929 0
433290 0 -249510769099322
87830281 87830281 0 0 87830281 1000000000 0
15114 3793 671605628565520
984203361 464750276 603074170 205670742 142836849 47430945 0
2 1 1000000000000000
1 1 0 0 0 1000000000 0
278807 35159 -828199656805682
740894107 272520869 355778464 879890569 402105450 354236895 0
193222 36823 -412640876536987
679917156 846193056 41797759 284988502 585859277 173927531 0
473966 473966 1000000000000000
182719777 872469320 366351818 18396410 348809131 70418133 0
500000 241838 3857162
1 5 624699721 710372955 56872774 11 0
390717 262023 -742485372663806
829563779 609040452 520322968 222322257 468334898 331290961 0
500000 500000 1000000000000000
874324574 621281004 253514282 263923411 53594157 40845905 0
14371 0 816756874274905
147371753 147371753 0 0 147371753 1000000000 0
310404 114257 -950511565764519
258906833 500850042 874349920 606275216 441555522 47441077 0
500000 362413 -87064518193694
772243956 550750878 135973273 927368671 121378920 110999075 0
399196 399196 1000000000000000
489765449 879469968 468713211 87246826 819401347 720030673 0
2 0 1000000000000000
1 1 0 0 0 1000000000 0
500000 500000 1000000000000000
308863017 774868226 299102485 986047144 185565058 209297345 0
345946 345946 785983296561038
682127315 666339126 520486596 258632176 948576669 233986875 0
434399 98254 -13347931843244
95584103 758817214 671151503 798992714 399988179 968970139 0
2 2 1000000000000000
1 1 0 0 0 1000000000 0
494955 88452 -135364175388942
725715368 656364880 757628118 266779439 230812921 757219097 0
500000 500000 -628321945764604
316414534 551754640 377294904 493457626 237403781 511918485 0
139234 108848 890293317148800
571712635 538649100 380873241 214390208 474323044 606153329 0
287256 23128 -96869337941047
613857762 143089664 400420746 342978665 458045133 507713053 0
480795 313648 -239248253264413
973964894 499436247 938429852 133903793 468666233 870885065 0
338140 101442 450859185207612
185873416 401980092 105438364 929074509 943838055 421435775 0
153066 8966 1000000000000000
551134385 427321802 228610799 117007408 651012164 113795615 0
500000 500000 1000000000000000
805385670 744984284 926765840 720679238 533295463 105842715 0
291101 37200 43679097089697
175918510 764586602 316426920 512426365 766046137 968479725 0
500000 0 514364115524290
506235369 506235369 0 0 506235369 1000000000 0
381818 83658 -807593913018669
683488209 517489530 351816038 774225535 685209687 460361254 0
263623 109365 -261806268186169
797557614 96013799 933615871 121263764 334240914 693478107 0
330978 143558 -979943512679479
938879448 845666085 89318161 361165944 722953486 466859031 0
438966 161047 660302955693346
275888809 877143142 994303318 12876391 849114654 968367601 0
434619 0 -30201169905164
231071955 231071955 0 0 231071955 1000000000 0
500000 369105 1000000000000000
685243284 992638270 204152932 142489744 542784465 659022999 0
300522 14769 331445953583554
557628588 148386889 25289581 18143096 11042542 632256843 0
469086 435785 -327394773006639
57819911 47635562 990666468 378251691 81535225 632678751 0
500000 500000 -327399166481596
685492066 21405616 482980140 490447132 407080598 708447353 0
345946 90314 -970276914176171
549729300 416439070 259994463 530982544 628017368 109485467 0
153066 17642 -437454901678862
436235095 148572636 375239862 565871108 7550046 427079303 0
121746 2640 -120379619795403
206758219 460456684 823534549 197236102 947238154 977498091 0
1570 384 889354139946292
208718532 112757185 415168926 576911425 324785990 992982861 0
54008 36810 124594725933878
282354599 702061645 190976521 349335473 357769581 37613361 0
450952 84925 -329691822358127
435500872 610423501 684581253 263500624 834083285 59534128 0
500000 162033 219723658923730
347959456 184280622 87892964 52318686 104287219 736793285 0
500000 500000 1000000000000000
999999999 999999999 0 0 999999999 1000000000 0
128260 76507 347272908774509
471694451 877478146 196826280 406879498 874478311 46514223 0
379903 264410 -783742226126041
276441152 780198611 201073410 597851806 993982037 42419083 0
33969 24785 -978821458992178
786358874 16475529 710746168 822883653 396618263 892593353 0
500000 500000 1000000000000000
0 0 0 0 0 1000000000 0
54791 6166 533348882353049
895915405 341594441 538558340 879647850 205549782 604899969 0
500000 295505 202275
10 10 319027973 506518304 621276142 11 0
500000 31680 254479633946208
190930774 713365038 810914627 870560904 567470336 297114763 0
193888 45245 -188120642180529
368381152 283065748 754208070 802065811 207497171 491121957 0
291501 176425 48936319520919
87666686 495471652 895500865 932997120 78856481 647639355 0
495998 56429 -23406552166861
696652059 620871793 653808389 400816959 455742110 483656177 0
500000 332152 1000000000000000
496354121 378045312 756752621 153102758 566584425 564143975 0
42214 27431 -122504675754770
781707547 568948024 819987878 355797304 73138597 253891645 0
500000 441735 2374775
3 9 897017356 161643771 491961423 11 0
411732 169301 1000000000000000
24089471 345656599 349521929 344016893 427952450 860660763 0
500000 72099 4034113
3 5 251123461 202026162 480237158 11 0
500000 0 406799136809265
330917625 330917625 0 0 330917625 1000000000 0
500000 368732 2340429
10 7 273810407 561842157 125356755 11 0
264385 178975 -584294205112450
255605049 198158431 392243644 706403056 759615473 787450713 0
211209 133869 -892363878145398
6368165 581693385 121413815 511599269 188313090 23359017 0
500000 80741 4826386
5 4 357205470 545558517 272638999 11 0
411732 411732 485645312997017
34688318 186452562 482095131 497972337 859918825 894563873 0
115659 13981 1000000000000000
964072202 385275971 588185018 828968173 626137244 601190607 0
500000 0 -252684279619383
458848843 458848843 0 0 458848843 1000000000 0
500000 0 277681533707555
59121167 59121167 0 0 59121167 1000000000 0
98363 98363 1000000000000000
47284765 841614228 190223165 979610094 591324835 627421591 0
500000 402522 1000000000000000
309554462 459787825 523311407 47255996 442826874 946159637 0
126111 121873 -360594607317690
225283264 410749821 569548143 600474297 647921098 207909357 0
411732 169294 786025685198147
541442748 190173535 575951854 454149492 460216449 559758315 0
134889 6248 438046078733974
656857774 142553238 297457845 684711401 166136486 896411043 0
500000 304963 1942711
7 10 924488328 506288827 795929759 11 0
115659 23993 -19512159885321
276133090 133209422 713081020 372810753 953364494 919400497 0
500000 500000 71795139255326
633451478 664677923 116313813 894451165 969306442 333766745 0
500000 64193 1148432
5 5 392538437 683031345 473016509 11 0
500000 398702 1000000000000000
929234006 633128574 62853067 799566430 376108453 816918295 0
115659 115659 950247971160591
757861537 406956595 663534811 838435893 321120099 325008005 0
480861 237647 502887900275682
847716248 683828923 695817639 267024919 589225208 820514675 0
467591 8711 957287510928608
512739712 87728625 17346181 555097806 742681920 44436119 0
282662 143067 -290087670148249
189108908 934583381 941538549 650124359 879178116 161029957 0
500000 351395 45723423061087
868727877 71346952 299899563 170604062 244942593 993572619 0
500000 500000 1000000000000000
776142409 782582717 352196089 665774858 984487387 363321101 0
153066 153066 538361040139772
217703254 133992467 302572686 816384100 669997773 21952501 0
176901 176901 1000000000000000
469270724 499091418 666825985 782275755 865952004 99696955 0
431604 155141 -138600177388884
201555605 342685214 87185189 418317697 387292098 620212105 0
341921 302811 959009734252162
318593058 336540210 329398815 320568183 724105968 904687645 0
500000 125000 125000
1 0 0 1 0 2 0
225821 19874 661072164393556
814010171 612957941 956908009 597281516 681670677 948107193 0
500000 0 1000000000000000
1 1 0 1 0 1000000000 0
