100
2 4 3
16 1 8
2 8 14
1 16 7
4 4 9
4 2 0
1 15 15
16 1 1
15 1 15
5 3 2
3 5 3
1 15 7
4 4 0
3 5 11
5 3 1
16 1 3
1 16 0
3 5 5
8 2 8
3 5 9
5 3 3
2 3 3
8 1 7
6 2 10
3 2 0
5 3 10
8 2 12
1 1 0
4 3 12
3 5 10
2 8 3
1 15 1
5 3 5
3 5 7
5 3 7
3 3 9
5 3 15
5 3 0
1 16 9
1 1 1
15 1 7
3 5 14
2 7 8
3 5 6
3 3 0
7 2 8
16 1 7
4 4 7
2 3 6
5 3 11
5 3 13
2 7 1
3 5 0
6 2 9
2 4 0
3 5 8
3 5 13
1 9 6
3 5 1
16 1 16
4 4 16
4 4 8
1 16 8
5 3 8
5 3 12
1 15 0
4 4 1
2 2 2
9 1 6
2 4 5
5 3 14
16 1 0
3 2 3
4 1 3
16 1 9
3 2 6
1 15 6
1 15 8
1 16 16
15 1 1
5 3 4
4 4 6
5 3 9
15 1 0
15 1 8
3 5 12
3 5 4
3 4 12
2 2 3
2 7 12
3 2 2
7 2 11
3 5 2
3 5 15
6 2 7
1 16 1
15 1 6
1 15 9
1 7 7
5 3 6
