50 50 8
56160856174759289158971908616627659329829091381595
05571785891260290986681528025121716994317392293816
83567497107909666552692319182984793533153280288414
13884006577384919335475171014942075895463634157885
18539869312862657064657806543072832949530354939469
32406644200513850498562657679076921868400240809093
28419702510705054281446939728717385220961793671361
96251612656951676305318634447754703881513152893301
59860766977855627274165940732928208102000770783491
07738485113112035775302525010549343876649054902137
40566918339502426812577118407832906199285512238494
21115841990507771552194073753791819225029309496177
95987956506935486905315750711987998192169509669183
35983232267535910337307873541911536215367383311047
29956245180450635602558684040803699814288975643535
62044171984331250194828799264486257256102415937355
10733977021497482272729665426898889094952546094851
08340911756677533238746446120234615773626254733232
60777559407296371438664241780249674410055473015869
11186267455738543923956083448747770103767484540451
47718716793496643563349238606318623116558051753308
92516574317903665481308551516340452437151644866996
60613669053023132530296435115368910869117108921283
43465562133540933122657387354843005302668202590356
25602602141352271204685264637821382453501144982581
29139185701648056364208242726561278544691299729943
02792538661689055577283600658862050472657988908018
08304405798285164864485593752198117131583011240464
81198437829704697666552880096968564322974348550199
32017396501669801173137055006613029887683156659503
33815861374651969963722345938660805974367218599063
52894590788328665335714310823531851582928659702047
43725073268715822457779740135899593221799507355989
82617993744641246195286376353822549321079739540363
74286670424618044176578980613451697233041529495263
41158866377203861557121707264294693089394304555355
96895527152085800123539049449765181935356231194054
66896446405302343571059694511047655777794354710468
01716688867478596674201351191323991183953467842661
95197198338317952368264602558591792538291683377001
88249363109980619199977387359345937438933081949011
92791407104354330731893781862375596970169088775894
54343254629927946585314215687758501483792500097465
50771308346798404019116244052596925671825187234638
41184494912324445901514051185979257174544915027689
56837968776345864400664473069191637272614228680658
67467199707086340542608638194673148755108953835086
91456812614384626891844305608823126038124935588393
22148911004022485486122301026956615169935916358935
27017162666829230393140168410730133281722036743443

