2000
94 1 94
795763667917 56 1
79 87 16
69 59 28
45 54 86
8718 98 8
96 18 60
129 79 78
1 44 10
140723179 30 69
87 84 23
125 36 50
111 59 88
7948387714 42 13
80 78 34
96 82 64
65 83 43
69 61 99
8353758 45 14
139 92 93
2533923864182 35 91
143 3 44
4 81 22
536 51 6
536328853 32 70
18935771 80 54
2284683940654 99 36
40 79 21
54246483868390 23 24
381527 8 19
54228 79 27
954513 54 30
107 92 11
20019106487305 27 6
97 42 12
6 6 56
14 40 74
32 66 29
413643 12 29
7433 34 99
836498563 72 45
150 87 63
70 74 11
4 48 44
10338297155 30 64
40151759516 68 54
10 45 96
1473590447081 23 25
146 59 77
3 74 2
87 79 66
87142249 61 52
4 26 99
111 42 43
644078914459 6 90
388320170093 28 38
821659 26 16
38 33 67
8157 49 66
67831034 59 37
96 58 28
105 18 80
34 18 37
29 70 65
125 1 52
735864 49 55
14 60 62
7405170498722 66 59
96705936826 11 84
15 93 70
105 58 60
4907272620 24 7
4078307763 8 68
63494279 39 7
103703482 18 39
21 32 81
67 96 33
30 18 13
5271144072368 13 6
37 99 84
122 15 81
83675939 31 24
79 40 22
47 32 83
83660499363157 25 22
80 53 24
44374776595 14 64
129 48 20
130 84 32
43 76 16
134 92 64
43 67 77
4313685 70 52
528 36 5
521636 59 37
348191476628 45 50
52 65 23
18 99 76
303001 4 93
123 78 70
74 35 29
46396920955 69 2
7889038869 86 8
869500771174756 76 87
111 28 92
5713193 77 86
90 75 89
140 15 84
137 92 78
100 51 42
54 15 8
15 86 65
537322491 70 9
158251523922829 40 31
8116 43 61
113 71 16
37 28 20
46 71 69
6 58 36
98 91 92
20 70 56
123 6 82
56 3 9
37 78 63
526462 80 96
995268095470931 54 95
6380829348 99 52
14 68 51
54 62 43
5017535 23 83
5 43 40
429 32 78
56 54 74
93 43 77
108 98 76
866525027926966 58 95
19970091084863 73 37
15 93 7
134353424185900 17 79
74186308 57 62
57647751304 86 61
160534511248750 60 0
716552092261 52 10
113 61 19
1 25 90
183241416 32 46
736472650 57 12
978 91 55
1412016 19 87
648944366461336 81 0
4 61 10
86 52 10
7639048837103 24 42
2514536678 62 57
37 3 28
56 89 94
145 32 78
43 5 63
47 51 14
350273664603 78 92
139 70 37
59868483 94 52
321287451 99 61
52 93 64
910049 96 40
5388 35 23
7 86 97
20 18 66
13478370856700 3 35
9609473 68 5
979273753457 73 33
116 10 54
20 44 46
8628533457 57 57
21 48 57
54 64 78
45 62 18
8955219 99 25
892529705442 64 87
56 93 39
75 54 80
366008692560178 40 100
48 53 82
100 97 74
88 77 4
6639198792 12 41
2480507 32 63
87 67 87
145 95 85
144 90 21
58 27 81
334806474047864 42 59
1 44 100
145 7 51
74 71 55
689189369 56 67
113 55 61
49 39 83
21 64 42
96 50 69
72362701404 24 26
41 27 53
67 89 30
86 96 13
5584316208 80 33
47922906711197 45 12
73 88 42
130 60 34
10 4 50
94469 32 20
45 89 77
56 90 62
83 35 51
141 36 39
74 75 57
7 1 92
47 47 67
569193083627264 82 100
140 6 33
8 20 9
113 30 51
366570790532587 7 100
57 66 38
7 85 20
2 27 83
3476189156213 9 85
97133 88 48
1140505 3 70
258 46 46
133 12 71
785441879185 66 66
138547769654 24 6
135 59 34
974668654 51 9
22509596 57 98
602359853 53 11
684242125 86 87
73 3 67
46 36 75
52 13 36
12 38 38
3 50 55
163529 61 31
43 29 55
4362276378206 17 97
64462 56 64
80986143555275 15 0
2 91 12
1 5 73
118 76 92
50 69 26
147349663677610 50 100
733111745663116 39 83
56 21 24
6460176265 69 77
20 85 86
95 35 88
131 40 44
786211128783 42 82
129 14 68
122 57 68
86261488 68 47
105 31 20
57 83 23
80 93 30
5863340773969 71 94
64 46 86
602963619 33 56
23219813019889 13 80
48184073649798 2 35
10 10 47
155281463 90 97
73219177404 96 63
22799852609 55 23
74 70 73
100 4 28
53 52 24
15260599463 0 0
409849227610 76 59
32217 79 81
7220574041063 32 39
27 28 81
122 26 92
118 54 91
96012632945577 27 67
145 22 27
100 96 2
39 3 64
41 95 75
9810890425 90 66
70 71 31
39 76 79
41654045 59 45
47966179069589 82 86
34128128 1 46
145 35 99
126 52 53
88 1 58
69950105672 32 5
5 28 60
6 7 34
5 96 93
146 37 7
6139072567686 38 41
4141292 90 92
74038703 18 28
2354 9 19
119 82 45
589 34 23
92 15 93
42186 6 10
493825 61 51
30075669354007 64 51
96 56 53
90 80 12
70 44 49
31226961006 16 31
27 41 74
277153932 28 64
6 6 72
54 50 20
8 60 50
897599115325883 58 89
59835878 23 97
60 74 91
127 6 18
1054923 12 25
613642743 25 36
1 19 22
63 65 82
49 75 59
2 48 93
93 13 51
31 18 45
22 25 62
82 96 57
3596237198 23 44
761645720782 84 39
7103 59 14
129 72 45
624284 5 46
2 37 70
5749 35 22
703215664682477 86 100
123 80 42
29 1 72
127 37 79
398506635 4 58
965825141210 28 98
111 98 38
3800030 53 28
41 73 37
43 37 74
114 42 70
136 94 98
23134813970 42 81
927969206640348 57 69
15 77 57
6588348140 41 97
21 77 11
39 93 27
53578 71 16
44 58 30
48 20 98
7320 62 98
34 44 47
112 74 34
68 98 58
59 1 58
65 89 34
50 20 88
8517933 83 52
11 35 50
639996 14 73
14 5 29
67 91 54
52 36 68
128473 80 43
115 67 43
3940363 28 76
8604124749 75 4
7746914089963 74 89
473803268 73 49
5 81 24
8 99 96
7 53 81
358 60 26
189286229863746 67 41
22 65 27
117 10 22
8 69 51
6539220883318 66 28
75 44 35
120 74 59
39660498864 19 96
2737045 100 0
584189768673610 48 71
37 61 61
34 10 68
63 48 91
9 97 92
59413821445828 47 5
119 93 90
599 42 27
126 32 16
50477653978294 37 27
99 55 93
666890 71 27
520 35 89
6697882207836 33 42
136 97 66
135 37 61
314886946 76 48
6659812435 50 21
26992200 5 66
8102733608 38 36
26661652822120 63 73
22 45 61
412001563 59 44
131 13 24
83735491917408 55 0
810942918174248 72 100
88 14 80
134 91 50
39 21 12
750916 80 42
646771 15 64
86659 22 33
9418 94 42
40332 50 17
127 90 98
29 28 30
18234896779572 20 5
58742167 78 82
7511568520398 19 2
431405622591287 97 57
10 6 12
49 20 82
26 55 1
16 14 17
32 83 55
23 96 52
7 71 20
58 2 24
386092 39 19
60 89 32
9217465274 12 71
77 40 89
390156 25 69
101 9 32
47 25 94
41 4 89
468 12 48
35612 18 28
76592 4 78
77 40 43
11 53 91
700 92 30
444838 17 12
19 7 9
32 94 20
29735584572516 63 4
42 94 47
8 90 20
117 32 29
141 28 57
25 75 19
3 57 75
95860096845 11 48
80 86 10
689 54 78
96 31 45
1 44 62
92639453414 3 2
61 79 91
3 33 42
56 12 45
276151 34 74
7925184311384 14 76
281346337 34 73
9 12 57
74 16 95
70 57 6
88 23 3
12 30 88
24348796 62 52
135 18 50
4266444 18 89
56068737785 96 6
426078906454 59 64
79 98 62
4 75 47
16420815409 46 73
96 18 25
3499237040173 59 10
10 26 11
78765633905747 77 43
5943 76 54
5056777593 67 5
980180058701430 78 100
147 2 90
2096 75 63
119 34 17
93 53 81
136 44 42
38 34 72
13108838 86 42
89 82 83
44 33 90
915290912571624 19 46
24 50 32
18 94 85
54 98 36
75559866306 96 72
237216528 35 65
795330630 48 1
8821291335 61 20
10772 2 72
97 4 55
25123407868223 24 49
85 82 13
5 76 42
4350365129326 3 35
120 1 3
693658515391878 33 100
102 68 81
4 43 30
69 5 85
4414287 51 93
7 10 13
46 50 52
50 17 25
523358906 71 70
98217 99 58
885630871 41 70
101 66 88
137 9 85
147826532227650 31 88
7766732 43 91
27 16 12
1 50 54
40 30 98
83233222 38 18
62 16 81
116 90 66
20554691 20 20
134 25 54
5414405442192 93 96
1000000000000000 57 55
86347846 29 11
42 86 81
150 17 41
38650509032201 24 78
110 81 53
9787 37 39
43 82 76
62 31 47
758 14 57
417313836544 18 55
139 42 13
62 36 28
186369552689 41 64
102 17 89
940 54 10
119 18 6
65969086 92 13
27 37 72
45 42 47
141 70 52
157964091 60 53
2 75 99
75 44 10
12532607745 92 64
239057569067141 1 42
818394 79 78
134 79 76
137 54 92
8418036 35 39
26 38 94
130 87 74
102 69 25
131 69 86
184 27 22
62 3 16
806075367502313 28 0
5738515423 30 94
7901 58 1
9 5 36
98 96 98
75812626 75 4
73 76 17
3 58 19
118 6 26
93172350 1 94
3 71 1
19 52 22
1 82 6
739882919495 40 37
38 37 58
10 18 16
86 94 61
8 4 14
272102662 37 83
33 98 93
125 12 42
139 19 19
63244318275086 86 50
1729307326768 90 67
569 21 70
5850 59 85
58444220769481 66 55
66 9 60
94215 56 42
91141037 39 96
130 52 80
121 88 13
74 52 61
1967341 87 16
3687726 44 28
7818167794 77 80
6313868279 25 53
78 59 62
24 36 83
34052018473377 4 100
40 3 76
141 18 63
149 12 79
1370907431764 31 95
39 54 83
143 83 11
26899453 13 35
2 97 14
5417692 93 50
72625307123408 54 48
619149565424654 78 69
49 57 20
39 3 21
111 85 11
6 38 20
11 34 53
67 57 72
21701 45 6
8276137 15 78
50737628644 65 90
770509355 83 68
512842066931 66 86
53 69 44
70 40 47
95 41 93
35734274783875 30 45
54 85 57
92 70 27
10672872846 49 94
21835072 13 94
81 13 42
88 28 60
920021358522236 2 73
127 85 53
17523921 87 51
356 76 88
124 54 19
934271272058245 29 98
101 84 65
6160270 55 7
5113453 40 56
150 79 39
139 25 78
252 1 46
136 6 98
147 53 89
4513 59 53
136 75 17
358 54 90
91 40 46
143 70 33
28 16 14
104 12 29
704631 46 21
87 88 44
48336 78 15
9552837626108 22 34
3027367626553 34 62
109 53 58
20 5 65
73 75 95
682433995904 4 9
386 57 4
57556 60 32
57 38 84
78653892137 62 71
2 47 33
68 19 29
114 25 85
5 99 24
4798 23 86
3013 47 95
8 60 98
362505459 31 1
51398249072 96 48
63 43 18
70 55 10
517965 49 51
124 11 67
71466451465 42 1
24334639647 20 94
1 5 70
1 55 0
123 6 56
114 32 11
28 91 83
91 44 82
45 81 58
6 76 48
3448 15 30
626042 54 57
80 96 55
45060807983365 38 52
9 89 54
113 16 72
444178501756 78 49
916007 48 64
97 98 5
76 96 75
8472744 26 6
47 90 7
70779485829826 47 25
92404111549 16 13
14864614 93 93
112 9 7
81 33 61
3688947176 38 50
121 55 79
123 93 10
120 49 71
71 88 10
8 40 66
118151819012 84 94
445723063947 51 75
73 19 66
6057999876865 27 38
14 10 34
865088496 93 70
148 59 82
97 22 28
150 39 24
800267 14 36
115 72 16
27894243 61 75
10 34 52
118 33 73
98 60 97
27 76 95
9 37 49
85 42 8
46 30 9
15 79 5
267272223 61 39
4969472 26 16
809551197369 68 26
8258704317980 34 10
33 98 98
5597899 96 81
39 99 31
37445 26 91
37 17 71
29614134 63 90
107543532872 14 44
59188355843851 76 41
50607704 65 89
28991784 74 61
3 74 96
136 41 19
6887 41 69
47257618862 46 44
195642719296 82 60
50 5 57
110 72 21
4247576 40 44
3244 24 1
21 37 60
509403280 35 13
56 30 73
600 60 50
59417444 69 30
147 72 38
116 9 69
250017690830091 18 0
78 7 38
9 29 20
42 7 5
124 98 80
24437380435281 52 85
30 7 7
5854761384 51 90
6522 63 83
68 16 73
33 39 46
760800393550437 67 8
3 6 30
122 52 70
999666 38 91
15 64 84
623804 44 88
136 97 70
70052405344 62 96
85 4 92
689764743925 67 46
61258479 32 87
70199371546579 27 30
16 84 6
85 9 5
65 6 54
246 89 49
36 39 78
693 62 62
15 97 68
85 93 50
4568143292 44 30
82 11 80
20 87 38
113 32 33
134 89 60
53 26 66
6964656520599 97 82
6 83 97
875543 36 57
33 39 91
7267 13 94
73 79 6
117 32 55
124 68 38
136 69 19
99 19 67
99 74 55
761620930592333 79 86
8756513988948 12 37
83 2 59
91 22 95
149 76 83
7 98 6
5 34 62
68 84 64
93 95 65
64836626242689 36 18
107 96 72
53983 54 56
617488 10 32
153 71 12
144 3 39
110 39 38
16 20 93
34 36 34
85178842396473 14 21
9 31 36
81 92 48
75 32 12
413897 49 78
3048 4 29
4378567954840 96 48
6420953420676 16 66
144 83 57
8028 30 6
2748179065930 89 65
3288 94 57
2674278 70 58
60 79 61
116 50 19
71 28 53
22 31 52
6528 86 48
102 75 87
55 63 1
18795 18 65
34663433758 57 38
66 61 78
22384 14 26
351589070 52 78
4306475785838 22 98
27810210 16 75
148 26 53
4 56 61
148 48 35
148 37 84
3 86 6
85 46 88
403343 95 86
1000000000000000 97 100
56982707283350 51 78
15 54 68
5611762 55 9
57 1 25
35 24 5
19188557 42 74
41 46 27
41596856497 52 13
118 55 28
8171331172 22 52
47384 46 54
38 57 64
2 20 55
2 50 39
4023260991095 51 53
7462211609917 18 28
5 23 70
873423832930630 41 0
80256090 11 99
25048608 32 87
88 96 65
87 82 17
580161643 21 46
63 81 65
98 43 20
3935 59 17
8 11 88
26 36 14
2 50 53
481903679483 34 82
69 76 35
484512928498 32 61
87226707946 10 62
129 33 56
144331775509985 57 85
5 25 91
9113 45 95
625897339 77 9
129 94 86
132 74 60
91 70 21
84 47 91
731044 45 89
981 58 96
51 36 6
395559671 4 27
73 25 78
175124 38 85
144 86 70
95 37 21
28 61 33
31 30 58
111 83 84
127 65 31
733008 61 57
140 53 57
76 36 19
67 78 54
9 99 88
137 61 43
445953 1 1
396271 23 65
89 37 30
406453128080807 74 100
79411087213598 26 31
8137329 63 47
698450220 83 60
6 99 98
2959 52 22
121 72 14
5809732 25 36
7 16 51
956853360 19 96
126 32 25
96 66 73
606034933490393 31 10
219814255460838 58 28
878529484476361 31 70
101 99 81
150 57 62
26498 4 99
37 41 71
9 32 36
5 53 42
134 31 23
79 14 49
97 56 52
64198255683477 33 100
11 95 70
78 42 17
429266985457221 81 0
9055077309 6 73
561068 77 35
42458828500 78 77
7 78 64
36 42 89
47 60 75
17501378647 2 38
167424324124 75 27
7787 84 96
72 6 67
91697229 84 92
45 38 92
50266609998 33 47
445185367482 46 92
142 86 10
23 40 54
20 39 80
88 31 45
67 20 60
783308 72 65
147 29 49
136 56 75
90 21 13
89106 92 44
137 19 63
6999 13 21
96 64 92
2086129 68 51
3105967997569 26 85
61 95 48
73327680674 88 49
147 40 45
836055562855 20 39
88 94 74
1574277 99 81
147 58 13
4105 27 62
59 10 92
812077644504 36 84
139 68 46
187 18 73
6761160674774 18 65
25 35 93
28 95 44
103 79 92
55 91 76
124 65 4
79 3 22
1 50 9
25 7 51
113 6 27
94 12 28
99420294819 9 6
100 17 92
79 13 19
296317425940847 91 1
5558573779787 38 66
436094916436407 17 65
30 39 28
899 82 1
66889140068 97 22
89 40 99
98 89 86
598576 77 3
306545 11 3
102 76 57
685052481584753 98 0
128 1 54
1 26 8
96088554699 24 67
16 35 55
12 32 12
127 31 42
415844099341255 23 100
48061323529972 66 49
132 86 62
30 24 12
62025 81 83
2 50 20
25 19 16
41 69 22
142 85 31
18 38 89
739 38 84
80 95 79
2526 63 33
93 18 98
63 14 54
6048358329 98 78
2165205276 78 41
99 84 89
9804352 70 38
595299812284 50 74
66 34 45
105 51 96
53 1 1
15 13 22
3 75 43
65 62 50
87 47 49
138 28 59
4164574 88 84
5219924329 26 97
2875531268388 7 84
142 44 16
78 74 34
139 9 73
60 49 33
46 20 14
146 12 82
873717686270234 3 100
146 80 69
128 8 94
135 44 41
46 35 19
44 50 73
121 39 38
2302262961153 48 37
2 13 10
6751639028 38 10
2147878333860 41 27
76535506902586 15 75
4844906 30 77
34930507 75 71
9802609487060 11 22
69053 78 77
121 16 64
52 41 49
31 30 13
20 33 12
537 97 47
70456 38 36
1845366959 20 39
24 70 74
3291707 54 56
31925 55 76
160588444 93 63
125 98 1
936587 48 69
1854 91 18
5 80 67
140 85 18
27 60 56
82 93 20
13 7 95
189299093764361 66 100
7493672734656 37 1
25 89 41
10 72 15
51 92 94
78626519 17 65
87 51 6
91 45 90
18 84 26
8 62 10
132 36 16
121 78 96
93 46 15
16526519 24 63
85 80 35
10402789825943 97 9
17 89 77
97 1 31
46 33 35
130 15 14
362021806726306 25 69
136 89 93
896761260 90 29
156255003746997 79 45
52 29 38
90 62 84
464094415641 43 34
956 66 9
49885886941 71 51
52826 86 80
76 76 29
72 70 35
136 66 71
7954041449929 8 90
9 81 74
142 17 30
18 61 56
110 27 42
137 87 88
1165018791 80 53
92 3 54
63 96 44
100 25 88
2737688 93 34
37 37 2
5358 33 63
140 7 70
441 97 12
40 99 56
146 31 64
2453 27 29
2 45 93
42420668 85 76
44 25 93
8218872 39 2
67565145 51 38
85 75 50
971861707126064 54 29
1939736415 68 99
122 79 75
697122567892 56 25
138 83 38
18078063 51 36
97 44 9
4505002 45 55
64308146831 27 77
125 27 60
25 45 58
125 56 35
37 75 33
8611071110695 17 76
5928902 50 85
7578818938080 58 96
4121399 72 46
115 4 21
5 90 97
30 58 70
143697077463822 30 0
1 48 69
116 1 43
140 26 33
125 99 61
765204 19 84
48 81 4
143 33 25
113 65 84
131 64 52
231060 95 17
514615851807048 18 42
85 36 9
70795527555 6 72
280938183370 15 86
282 49 83
68 58 95
81838782 31 46
3 99 33
150 72 33
66 47 47
54 1 5
1719106 15 98
401 97 31
8 97 44
101 76 2
99529084 97 91
4 40 84
106 59 44
76675130 42 38
115 95 77
90357224359177 24 70
12 41 10
3613765046 77 64
70 37 53
686285794850004 3 0
129 42 82
350124 21 65
535745 90 12
97124 98 98
133 75 73
9518 35 22
8823 18 36
728 59 6
82 8 80
83 76 36
767774831010454 40 41
147 46 63
195288688342687 50 0
5685245516708 75 43
4671 14 52
47 78 42
6037044380326 56 64
108 16 6
98077689 16 58
95416 69 4
2 3 46
7 95 55
13 66 1
588 95 90
109 61 89
90 64 1
5476575 95 56
9297290092 14 11
143229199116616 83 80
11 77 45
35594329 54 17
10 81 74
147 71 91
8068543112 83 17
2826035095351 95 23
350 96 6
3343514947473 84 8
12 52 71
91931 78 59
753305 39 58
5471036624087 55 19
68 73 27
94935979 78 78
54 49 69
37301120871801 10 78
148 11 2
48 77 65
318 9 22
456986377 36 31
25 64 36
793979 15 95
99 17 15
63832418593417 37 100
41 43 73
31 29 84
105 5 49
30 71 5
86 96 42
13 15 50
110 55 62
64 36 17
30 89 89
31 22 82
198765 20 50
3303 17 62
82496758803185 44 100
539283 84 4
1 81 15
75 62 6
641208002 79 60
93 33 89
41027585619273 97 32
90 92 36
99865710841 69 10
116 21 53
29 92 8
63 91 61
9677 76 57
91 82 95
79 19 10
77311483 2 48
5831041740 38 64
143 46 52
9352530823 75 49
35 87 38
50 88 56
6 61 25
4116121961 7 99
227555267794815 86 11
73239245282985 92 40
4412876133 86 59
138 59 22
19 56 44
141 79 87
8063 86 49
10 28 20
102045448197909 34 73
47 92 63
188599 38 19
110 72 60
162819005672137 4 98
626 12 82
499248493957001 77 0
389044719264468 94 0
133 15 23
1307827 96 80
408981 4 14
41 56 9
5 7 85
8 51 94
99 58 53
648 65 11
41 29 56
1587632 81 88
564165117 36 75
2 39 87
90 85 1
66 95 50
106 26 27
101 75 37
140 70 67
87 44 84
335431551 98 9
773 22 42
70467718534 97 73
8 36 52
112 21 92
34215677622 36 2
74482448 70 52
7 49 55
78998612326809 71 66
4 73 46
94 21 95
67 55 31
39 43 29
957912 7 94
140 33 84
35 31 16
38494107596 11 47
16 26 6
113 36 25
75 7 48
270471607 13 38
96204969 23 53
94 28 82
466545033 90 11
53255040 71 12
1 50 33
53 85 35
85 18 17
76 39 65
141 82 85
65 60 48
30 99 24
872198 14 84
523734500624724 88 0
87 48 85
9 37 7
4 24 90
173738654721926 43 100
12 93 86
799 56 7
44718 8 56
120 26 19
2 28 67
34 83 72
125 66 19
53 51 99
8661990 33 63
111 8 76
54 30 28
1388 52 31
48748953974079 93 8
42838924214 86 52
115 83 95
829108172 40 28
120 10 36
71 94 89
74 46 96
170386918 13 48
34 6 7
71 55 12
63 88 17
11 83 82
96 72 70
518 16 52
61333 43 67
113 79 5
131 81 4
58 76 14
677504899 28 1
56852155901125 8 42
526825773 61 1
392906224097 48 48
102 45 72
45 41 45
105 47 22
837121850051 41 31
92 13 28
94537952 29 12
141 99 17
13 5 40
112 13 1
38749941234 67 5
6426374 31 39
3 64 36
665408139730670 48 9
95 3 93
139 65 97
27 70 72
26 85 73
57 94 64
5303246669 56 68
112 23 95
103 1 10
71 73 1
116 11 34
58861888509 63 47
111 44 92
160793381 11 90
889701281901864 94 31
47 74 59
226432158674 31 42
68 7 61
131 20 54
871682724 86 6
6 77 63
78 77 32
5 14 79
38 1 9
130 65 47
30 16 32
6097957614 29 59
26949307269 9 77
214 90 45
369709033726 13 30
134135568753117 36 1
405923429 25 53
7018 15 28
940 41 79
105 98 11
124 78 48
99 81 14
4122764 27 19
108551161957 69 47
73064686444 64 1
7285798944987 41 83
35 21 21
27 38 33
96044704776797 67 77
66 95 1
112 46 84
114 67 35
108 52 31
653235982197 63 55
3190693388463 4 50
3 75 55
119 69 83
3 80 18
48263369426270 35 31
102 75 14
3327382301116 9 71
121 3 56
478748455 49 59
609413983621985 87 0
239 77 49
12 5 88
38112141 9 39
39 25 64
3515 6 59
24 33 98
54306360215565 28 3
802093716 22 29
123 24 42
71 65 83
127 76 43
18 23 17
89 48 2
682270337986939 34 100
6 2 25
131 93 99
52 85 53
867106303 58 49
99 60 60
72 68 81
96 1 44
3095368568796 52 72
870809 80 36
526060503987446 16 100
125 9 38
361 40 77
40 63 15
145 38 99
89764633989 64 65
5 88 75
79040 88 77
77 69 62
134 55 12
78 52 90
4 75 44
33536150671 34 97
7 28 12
1 10 16
141 28 59
6427152202128 44 92
77 7 43
118 78 27
993488958 70 65
78 99 38
11 85 56
67 37 57
3436204574 87 3
84308 74 60
6 20 4
25 9 4
32 87 38
1162954 17 51
3055 43 76
268 83 77
150 65 43
96 83 62
1 42 8
82 51 78
103959344 42 14
744710677552063 64 11
90748 25 13
64 56 23
111 69 81
157 13 86
87 64 50
61554 16 4
61 59 30
73236375044 4 51
89 55 20
41 60 93
412 87 6
4282130 5 94
82661057302789 69 32
48 83 62
137 85 68
954524553624498 9 0
25 54 69
9568 11 89
87 53 17
5523537 95 99
8 97 78
20 34 96
837626 42 12
19 26 81
1 92 70
80 33 4
36 94 46
8919719548 68 4
170899240 65 85
127 10 85
907521980326758 39 42
98152794 76 98
9276 93 79
66 42 35
21 61 73
7 80 9
22 82 30
461778920095542 73 69
55 50 37
147 66 72
102 21 73
27778 58 85
9420 86 15
57964 94 6
96161 97 38
35 41 93
74 78 77
2 89 7
13095725 89 68
13 25 8
51978 56 96
94 99 5
725 28 98
121 18 92
421026234717 96 49
315 20 40
130 1 56
95 38 63
45 46 84
830 42 62
5726304523 88 42
62521720289 68 99
112 8 99
11 29 26
134 35 72
22 96 54
10 99 42
42 97 4
5032015551084 37 14
40019171 48 22
50852741627 57 9
716898801838 16 93
7440986269369 53 36
59 6 57
57 89 1
15 38 11
5468575813112 17 86
105 73 96
1163 84 30
40 27 35
21 31 40
45 71 22
869652064271 34 11
6 28 22
36 93 73
50 93 93
101 80 49
211575408 58 86
884832069136 70 2
702 98 51
61 61 85
19 46 1
43 84 95
31 63 32
9 46 80
255307445 31 96
50374456850 80 3
92368426 56 13
7423037227753 22 70
91 28 74
7352899673 86 91
8680 77 88
37698 22 72
6197892157 46 18
18 56 91
95 62 10
15 90 42
33536138711 20 97
686124091521235 60 100
77 85 33
43 75 79
15 49 46
102 2 2
80 65 37
37 67 99
9036 18 89
52808253 86 8
114 48 61
92697 47 17
42685188828860 50 43
5614967235 63 62
48 51 9
3181933 75 15
82 38 33
87 87 45
3552 20 94
23225 75 29
41 52 40
50 72 62
128 8 18
124 86 24
118 29 87
20 99 17
54 9 37
1023805375084 1 34
1 91 55
39671064958 32 51
198130618 83 43
105 55 54
1892098 39 64
782629 96 60
951129392347236 19 63
45 6 57
119 6 64
25943009237912 1 80
24 23 66
364218833430617 58 14
130 79 6
75262821 77 42
64 62 89
65 46 41
111 35 87
16 24 59
43749502 23 69
70 61 81
124 22 59
108 66 28
95 22 30
4 60 79
122 80 90
64 3 18
597 66 73
132 44 83
624528951500785 48 100
3 70 3
781148389217 42 2
23609 42 5
114 23 57
4323704 39 82
39780 60 39
129 4 77
7509 90 73
51 11 12
73 35 27
117 82 94
22 63 28
44 38 6
65474961 26 77
247945 66 86
9444 63 29
51 63 85
128 44 80
18177 73 79
16 71 68
4880534 47 14
118 71 59
17 41 86
2 29 98
370864264256357 85 0
43504985 22 64
5010116939720 39 3
22 20 5
29 29 71
63 69 22
34 8 62
29474203645008 68 96
19 32 56
4 74 95
919492475159 76 70
11 9 58
17 45 45
150 38 89
116 93 65
695339 87 47
73 99 11
88 58 14
127 51 71
141 8 90
75 14 50
7202228140 55 58
953201082 55 70
49592 38 23
22 32 55
148 14 21
104 35 62
35019746590 34 15
16 71 15
749090753 6 46
127 85 6
9 24 18
10 16 28
23792202499 2 47
30 92 10
72 18 69
89 47 47
137 4 93
131 46 49
515546 59 98
54 37 49
350848971168 90 72
94 58 74
33 20 50
83 40 71
82 30 99
107 99 65
72 70 62
68 98 27
1 94 62
84142805696167 85 79
4668577167 34 26
17 87 70
9 1 60
752 95 46
53474643061106 75 48
13 51 45
87 50 89
579269354 76 38
752225 59 16
37025402891 30 9
510 60 88
118 90 28
2617882704 99 56
239 97 39
5 87 28
85 21 93
36 65 7
93007250 7 5
21 83 3
368 71 53
61 99 25
111 40 84
4 11 21
2098 17 94
111 38 62
30 7 27
3939 98 25
78 5 50
736 10 29
719 81 26
20817050 49 3
129215483279 48 59
8 6 31
104 55 6
13 26 33
793932324997451 67 98
18 70 30
8930758847192 88 24
131 35 26
98 6 32
91 24 17
134 59 37
725788 67 90
28 52 68
8461024291 95 94
737931463917671 43 95
57 59 72
7542737346614 13 46
24556628390440 100 100
220 99 34
145 94 61
73 89 29
14 72 61
975278 45 45
29 19 68
12 88 78
108 90 33
26 30 85
46 52 57
4 33 77
4 25 42
2 56 68
5941690750 91 26
98472483362911 62 49
117 41 29
100 39 12
1 6 93
26694420573 4 66
98 64 52
91492211381077 45 91
26 39 52
54 36 69
106 64 31
120 39 63
76831175 12 9
72 2 26
219 31 32
118 6 34
223854252 28 65
184090 79 1
75 40 34
50976026912915 65 14
9210556251567 40 64
97 73 69
4 33 61
442381590326024 97 21
35616233 37 60
15 46 3
114 35 53
5612 1 75
4 85 68
142 79 81
140 27 50
104 39 54
37 25 61
31 67 3
448508 35 94
58 37 88
509414 69 9
86 95 71
646928263266 23 39
661668909898697 58 0
48 76 40
1 88 39
55 67 79
88 29 85
80529591 69 12
149 32 23
97 48 97
140 15 16
5 29 96
60260576 72 28
108 4 76
118 21 78
130 2 12
44 68 39
96041052832 56 38
359777338 35 65
133 79 90
815930132815256 41 3
149 38 90
85 68 72
7 30 7
129 37 38
99985359 48 61
4 9 56
1045135 42 22
8243741 87 67
141 85 49
55 95 69
576 82 73
93065063303 82 50
51741414330 4 1
142 22 78
15 7 55
261707878097838 1 0
20 44 22
5254 27 98
75 7 35
9353 52 74
98 65 62
2002290 21 84
52697 34 80
8 59 9
47497880 81 24
606690444881 85 22
75 31 70
20414942 91 30
2998640468088 30 60
113 68 76
8609186 22 61
4953 2 46
89 35 26
209903048644683 6 10
56 38 86
862858 32 18
14 67 93
5041713610 18 18
130 84 2
94 67 3
27509154 5 66
4945412703391 9 38
117 35 95
569598 3 81
19 56 24
685607924 43 35
140 65 10
942650241999 84 68
3 51 58
27 70 68
26 17 89
83 53 84
298 0 100
42876600390 87 81
3 97 55
971995263877 93 40
12 51 81
364588738 16 85
958091311989415 72 0
6 3 17
763664914530 18 78
11 7 79
17 29 32
33 55 25
8 54 11
9945388962682 89 21
72 2 88
13 99 32
3 51 18
3131213401 78 55
111 83 61
333498630 52 5
6893504 76 98
17 30 83
326437276959 5 99
72 90 7
98 62 20
102 69 25
127 75 16
1 61 69
