100
7 37 79
8 43 41
3 75 98
10 68 12
5 20 37
7 96 73
6 60 41
2 73 6
2 40 85
10 55 36
3 11 90
8 30 41
10 19 30
2 78 92
9 100 100
7 26 77
10 6 58
2 80 80
10 15 90
9 5 39
6 20 29
10 85 58
4 0 0
10 55 52
7 36 81
7 13 79
3 50 100
9 5 2
2 50 42
4 34 77
5 77 31
6 75 37
10 28 35
6 80 57
5 60 78
1 6 100
10 91 47
1 2 85
5 78 89
1 100 0
1 22 0
4 4 10
10 18 70
1 50 51
4 26 12
8 0 100
3 72 51
10 30 19
9 69 22
3 25 21
2 98 75
10 81 68
10 97 97
9 54 20
10 42 6
5 75 38
10 8 73
7 99 33
1 83 73
8 22 31
4 99 94
7 4 90
10 70 94
3 39 71
10 56 13
7 26 85
3 1 84
3 20 38
8 10 37
8 90 30
6 70 23
9 33 19
6 64 62
2 25 20
5 24 25
4 75 44
2 40 2
2 50 42
6 30 41
2 20 37
6 10 35
10 32 83
10 70 22
1 50 24
10 22 32
4 84 4
10 50 38
8 6 26
2 50 0
8 71 44
1 53 96
1 50 62
6 50 42
9 73 98
3 14 74
3 61 6
2 15 18
2 50 91
2 94 93
10 92 0
