30 30 450 10000
22 22 6 22
13 4 12 24
22 30 12 19
24 16 12 22
7 29 11 11
20 5 12 6
3 1 19 23
21 8 9 28
7 30 23 26
27 16 13 23
8 12 10 26
29 23 25 15
1 16 2 22
4 18 21 16
5 13 29 27
9 15 7 21
22 3 27 30
14 15 1 24
10 18 18 25
27 21 2 19
20 18 2 1
18 19 9 13
4 27 26 2
8 2 21 28
6 9 9 11
29 28 15 26
16 25 21 18
15 30 30 20
11 3 27 2
9 22 10 11
23 20 27 15
5 12 18 21
30 14 6 7
14 26 15 16
6 17 28 10
22 25 10 6
13 27 3 22
4 13 16 15
2 9 29 11
4 3 12 25
7 23 21 14
12 21 21 22
18 4 4 21
12 28 26 10
29 12 6 19
12 10 22 15
7 15 24 25
15 18 18 9
16 29 7 14
22 10 8 25
11 13 30 6
25 26 29 9
19 29 30 21
26 1 6 13
8 18 29 23
18 17 7 15
11 28 18 11
23 26 24 8
2 16 1 12
6 6 6 1
22 27 30 27
11 21 2 28
6 8 10 13
4 21 7 10
21 17 12 10
29 17 24 26
7 4 10 25
7 12 17 24
6 1 26 21
12 6 16 22
5 7 29 22
11 15 24 2
27 11 17 29
16 8 17 25
24 4 24 12
18 2 3 1
13 16 14 29
14 10 6 30
22 11 9 10
2 20 15 7
28 4 2 12
12 8 24 1
30 17 25 25
3 2 8 4
11 12 21 26
11 18 5 3
11 11 12 4
27 14 1 1
7 3 19 18
24 23 17 1
1 22 17 22
14 24 14 16
7 1 9 30
12 12 5 28
19 25 6 20
17 28 10 22
25 1 19 27
18 6 29 30
9 21 19 3
22 23 30 8
13 10 8 19
24 5 11 2
28 27 12 28
24 17 21 9
10 6 6 2
19 13 17 2
22 9 20 15
13 19 14 20
21 16 11 1
12 16 23 4
10 20 8 16
19 8 23 12
17 27 15 25
17 13 4 9
21 1 1 11
24 28 23 19
28 30 3 19
7 26 27 6
14 14 14 3
11 27 2 3
13 15 26 19
9 3 21 27
14 28 4 29
22 4 11 24
1 18 4 7
14 13 17 30
27 7 22 10
5 14 28 9
20 24 7 13
19 18 16 26
25 25 12 20
15 3 16 1
30 13 2 2
19 15 2 16
4 22 22 4
14 6 14 18
20 8 4 26
16 6 17 6
30 12 5 20
16 14 17 10
17 21 6 29
20 12 8 28
15 16 22 12
20 16 22 17
12 26 19 9
16 1 29 20
9 29 28 8
15 26 25 10
7 18 27 26
1 20 4 20
20 2 22 29
21 29 18 24
21 23 5 11
4 23 8 23
18 28 2 9
20 29 28 12
26 21 24 24
6 25 14 14
15 13 27 17
30 20 18 4
23 6 12 9
20 13 27 28
28 9 10 12
27 6 8 13
24 10 11 28
22 19 8 20
19 5 21 10
26 2 11 12
3 8 8 22
18 5 17 15
17 1 18 16
12 14 14 7
28 13 2 18
19 19 28 1
4 1 8 27
16 11 23 13
12 27 19 5
17 5 21 23
11 26 21 24
30 1 24 30
14 23 22 21
8 6 23 28
29 30 29 10
12 18 14 17
25 15 27 29
11 7 8 21
8 5 27 12
12 9 29 17
10 23 9 26
16 7 18 20
30 25 17 14
10 9 9 29
8 17 13 12
23 4 14 4
18 12 8 8
9 28 9 15
5 26 4 24
28 29 16 29
6 26 25 21
2 1 28 5
23 21 8 11
14 17 22 22
20 22 22 9
1 14 4 16
13 11 11 8
29 16 2 26
4 5 16 5
26 9 18 28
28 24 23 14
18 3 24 3
14 30 5 30
10 7 26 6
11 5 6 17
21 19 28 16
24 12 28 19
6 18 14 5
9 11 24 21
30 19 16 20
2 15 24 18
4 29 24 17
23 3 29 29
28 21 4 25
1 25 3 17
25 6 2 13
16 21 22 19
24 15 24 22
16 12 18 2
16 4 10 14
5 23 25 1
3 18 24 4
24 27 16 3
8 22 16 2
13 1 2 14
2 18 9 8
26 5 4 27
17 4 27 25
7 9 6 9
25 23 4 3
20 6 13 3
14 4 23 8
10 25 18 6
20 7 22 5
23 24 14 21
2 21 5 29
2 17 19 25
19 6 6 3
5 25 20 23
21 11 12 23
25 20 5 21
20 20 7 19
10 2 28 27
15 8 16 21
21 2 26 4
15 15 10 9
30 9 23 15
24 20 4 23
25 12 21 7
16 24 30 28
15 5 3 5
25 4 20 4
11 25 28 30
3 16 5 9
2 24 2 23
1 21 27 1
2 23 28 24
26 28 10 15
5 24 7 25
10 27 1 27
11 17 6 8
8 27 8 14
6 13 22 18
22 29 10 29
10 26 23 11
27 29 21 21
30 2 18 22
23 9 16 16
11 16 22 13
30 8 1 10
3 11 5 6
1 11 20 5
22 28 19 1
21 12 14 12
24 1 18 19
13 23 7 30
1 23 12 2
23 28 29 1
10 21 13 5
12 19 5 10
8 19 30 15
6 7 16 8
1 12 3 8
17 9 26 30
23 5 30 26
8 23 16 30
16 16 3 24
21 14 15 11
13 21 9 22
4 26 3 11
23 7 25 27
10 12 9 3
6 15 25 8
14 25 22 23
23 27 17 19
14 5 30 30
14 27 15 23
23 22 6 25
6 5 29 14
25 9 21 3
27 3 19 7
9 2 29 28
20 11 29 8
9 30 3 25
13 24 12 18
4 14 10 10
1 10 20 1
17 8 15 13
18 23 20 8
2 29 18 15
26 6 21 19
11 9 20 25
1 3 8 30
21 24 23 24
29 18 14 11
16 13 3 12
5 20 11 26
19 20 19 14
5 9 11 14
3 9 29 3
24 13 4 8
29 15 21 30
15 22 11 20
28 8 9 25
17 17 10 8
8 28 8 29
22 7 26 25
26 19 11 9
19 24 21 11
16 5 3 7
27 10 12 14
17 15 1 16
29 13 28 3
29 21 1 19
28 7 15 29
25 16 29 25
12 24 16 11
28 14 12 29
19 9 25 26
23 30 15 20
17 24 24 7
2 22 22 30
7 19 20 27
10 1 9 1
6 22 13 1
15 7 6 14
21 27 21 2
27 2 1 20
13 28 29 19
25 21 19 6
1 24 16 12
21 30 20 16
5 1 5 18
11 19 18 5
11 23 18 10
19 11 1 15
9 14 9 5
17 19 16 4
7 25 17 8
16 10 17 12
20 28 11 13
30 27 30 4
8 13 6 27
1 7 14 8
2 30 25 16
18 18 19 28
2 6 28 4
9 23 3 2
9 1 2 7
29 22 1 2
9 5 9 23
2 4 14 27
16 19 12 3
23 12 6 5
15 25 27 20
27 28 23 30
6 3 28 6
21 4 19 10
5 28 28 7
21 20 5 23
8 10 5 22
12 29 14 1
19 17 17 11
24 29 19 4
5 19 26 11
3 3 10 21
9 20 3 23
12 11 11 10
23 23 18 3
15 4 28 26
1 26 5 8
4 16 27 22
3 30 30 16
16 28 7 26
6 27 26 26
18 7 2 6
8 3 14 13
25 27 27 19
26 17 11 6
5 21 28 22
28 5 24 23
27 5 11 3
7 7 5 5
14 7 2 4
19 16 5 4
21 13 7 28
5 4 5 1
18 10 25 5
23 25 25 17
25 2 4 18
12 1 7 18
16 20 14 28
29 29 24 19
22 14 11 22
14 16 17 28
7 2 13 4
1 17 27 9
15 10 12 17
20 10 25 22
10 30 14 19
1 28 23 5
20 19 9 21
14 11 27 11
25 10 24 10
7 14 20 19
25 22 16 19
22 21 23 18
17 3 13 11
1 30 15 5
30 5 29 2
6 28 11 27
24 24 25 13
26 15 12 11
23 8 11 17
23 2 7 1
16 2 7 12
25 19 3 14
7 11 21 6
10 3 18 8
10 14 3 28
27 26 26 9
3 12 24 9

