20
36 5956961 680784 2
937 1
2833 1
12 17111390 11853420 3
2 2
5 1
170081 1
6 1 1 3
2 1
5 2
13 1
1 0 0 1
5 10
1 0 0 1
3 14
1 4581926 18414021 1
5955329 1
1 14279348 20105908 3
2 2
53 1
77081 1
20 11169306 1625637 2
5 1
2589161 1
37 17619914 177334 3
2 1
17 1
328637 1
1 0 0 1
3 15
17 10114727 13894445 2
5 1
416257 1
25 2609266 20098959 1
6883337 1
1 12370155 18722871 5
2 3
7 1
29 1
47 1
241 1
50 7537475 11201014 1
19185121 1
1 0 0 1
2 24
1 5159345 14619267 4
2 1
3 1
397 1
4409 1
14 1 5 4
2 1
5 1
13 1
17 1
26 4961300 9932511 3
2 1
3 1
758899 1
1 7057820 3893898 3
5 1
829 1
4817 1
16 17507618 12363759 1
347141 1
