30
14 9115815 19296752 9
2772481 96
5459521 4
6523133 67
6836513 55
6990701 84
7141369 83
12343129 61
18182009 22
18436433 28
50 17350919 5154346 10
680209 96
3114161 23
10765669 25
11327717 72
12879497 79
14699149 25
15248377 60
17189189 90
17887853 88
20060329 27
2 13899773 7778530 8
959921 17
3534529 99
5348597 53
9910181 86
16071901 82
16126049 33
16935341 11
17808953 17
32 2402203 14454524 6
1391413 91
2852389 9
7590221 14
8861173 94
16979161 85
17405149 44
47 19767730 19557264 10
47 6
2164597 79
4933493 86
5441977 89
5728781 70
14732849 29
16344989 81
16488341 84
19213361 15
19338421 46
49 12377523 4857445 10
4254277 49
4898021 89
5140133 61
7519217 72
8507101 56
12678781 86
15236773 55
16123273 78
18158237 6
19455629 100
50 17933676 10871968 10
2 89
5 11
6552593 85
9964789 87
10560353 59
10689137 35
10828241 28
15333029 81
18588733 38
19852213 63
47 15293381 18236604 10
583613 2
3608921 6
3946213 61
8338417 74
8745557 55
9817949 72
11822609 81
12631961 65
13586641 6
19802873 17
2 2806316 8838523 7
4139341 18
5462549 58
7301633 16
9179557 54
14449381 11
14496481 53
16998581 48
33 6036720 15624027 9
924499 88
2777267 4
3649253 23
4660223 4
4791953 2
4799863 10
11905027 36
15092801 11
17327549 17
49 594566 7044436 10
7 90
652217 11
4339189 44
6451609 44
7807181 57
8470109 33
12840337 17
13672157 70
15291701 76
17265749 44
19 19974598 9397146 8
5456449 26
7240309 92
9439601 50
9584401 89
10924873 83
15142637 3
16119953 51
17395949 29
42 7262658 5622627 9
171473 91
498973 4
1326041 77
2978869 52
5215999 36
6778043 50
9355147 22
11720251 94
13875517 65
14 1 5 4
2 1
5 1
13 1
17 1
50 2086748 16347414 10
2 76
5 28
4662457 60
5363797 75
8025301 19
8845789 96
10500641 60
14238949 49
17679929 21
19668577 13
13 11748463 16147446 2
1616429 53
17310457 22
6 1 1 3
2 1
5 2
13 1
49 2868607 7708729 10
7 76
251417 71
2817769 20
6077737 63
6420881 37
6810893 36
11333869 40
12819497 89
15036997 26
15241189 65
33 17697516 649229 6
7155649 26
10095361 76
10445993 18
13989541 97
19271509 35
19556893 9
16 19421505 2404932 6
286457 47
880057 76
6028493 35
8115977 3
13234541 8
19455173 23
50 5853874 675869 10
45697 92
118081 36
5078057 65
7131193 71
8550869 62
9241249 64
14332489 16
18195577 12
18687817 71
19895849 8
47 6635507 1920702 10
47 42
1473149 9
5064877 61
5176961 97
8028577 60
9588101 16
12339577 60
14889389 93
16138169 52
16415617 93
49 8116660 7170602 10
443041 40
4818677 93
5271653 25
11118517 27
12143069 87
13682621 68
15498401 23
16897417 30
19766737 66
20025001 88
4 115317 7968517 1
9713887 19
12 11508378 18080379 8
4658567 16
6934831 38
8313847 2
9578357 57
14209471 64
15430759 88
17077811 30
17887483 28
43 18163109 7769943 8
548423 44
1287613 86
1748737 56
2440387 90
5674897 11
6295907 54
14967517 76
15764327 8
16 15783356 3488879 9
705113 90
5292361 82
6510661 76
7303973 66
12052841 73
13502417 3
13755013 58
16513577 40
17080229 90
14 3678458 14813099 6
17159 70
8145833 23
11666383 12
13529723 42
15643679 10
16807771 52
47 8845578 15040040 10
2716333 26
4814053 84
7288157 18
11048413 92
12867941 42
13028233 45
13469509 55
16098673 58
16514689 71
16650989 22
33 16377589 10523188 9
995669 24
1278721 42
3838921 44
9856081 73
16408201 25
18211241 75
18609637 53
18900289 41
19028129 22
