50
49 7967841 13902819 10
7 19939596
1381297 17673882
2271281 9397194
2419993 425015
9109181 12250523
9519661 16719489
10682729 13875241
14089213 2372456
18667357 6405237
20030177 12397767
50 18504854 17084978 10
2 13000381
5 5545755
6653989 17796044
10599437 18136435
12190517 776785
13219061 5286154
13759853 2938957
13827217 3131423
16238129 7396261
17683753 4951679
14 1 5 4
2 1
5 1
13 1
17 1
50 8328368 6961275 10
683737 6050048
890597 1755866
3556649 5636038
7455433 12456956
12614729 5242710
13562629 7696159
16535501 10575811
17685589 10402751
17949733 5982923
18661693 19120409
43 15136208 9211343 3
12409697 5139857
14824273 12003188
15064837 18914497
48 13690473 1324176 10
3 16287170
2206493 12927959
2239997 2808470
3110741 18223083
3726629 15179297
8791253 3784122
10284997 6162950
15079637 14149502
17517337 13294062
17623997 1315591
46 10384247 11299072 10
23 16919678
2211269 20036059
3712297 78386
5199793 6853287
6116281 7047147
7417853 928633
7870157 9922233
8090749 6900991
9502277 1128883
16839881 6827692
46 18657692 10152246 10
2 15242726
23 14112260
1296877 12840494
2372501 13984721
3348937 15766725
3571181 11028917
8346901 15070997
10105957 8742941
11648249 10860806
17979653 6806405
46 2767154 8559102 10
2 11932086
379273 18880786
465581 19956118
1238761 1531068
3941633 1001585
8508433 5569910
10140469 7811212
11041949 10956339
16119289 20030735
19166509 8293693
46 19545308 13369831 10
23 13527946
2354197 14798130
4455901 7108468
5373593 15374878
8971397 18500542
9008633 13627745
9744641 1616412
11346389 13018944
14871793 317656
20039933 16461207
48 7276416 17296160 10
2 12698957
2192077 12421087
2364149 13081517
4202257 15507274
11025169 9007732
11939089 17170929
17169349 16915609
18737557 2230410
18798833 6142903
20083937 18817433
47 8395751 4801990 10
47 15927512
4736477 4557711
5016353 7056985
5716517 17314578
8786149 4307114
9648557 3169229
10065353 10931203
13761569 8177259
13857281 19785043
14576069 4813543
47 8062802 7529250 10
428693 10284696
1705273 19906152
3588517 18406748
5731757 5421325
8603381 198395
11088377 7805348
12909313 2489524
17767921 3907933
19524437 16626380
19788761 9867288
47 1837841 6764146 10
47 8103646
1691621 13568088
3092857 13628295
5197337 13126062
9333637 18155563
12220081 10527585
13251097 199584
13464349 4828902
17027117 9148273
19798357 19704169
46 7698182 17914837 10
2596849 3347235
5158033 11459189
6882089 816250
8532809 18272215
9613729 12353584
14084069 615914
16916209 9031470
17063489 17893930
17195089 16238305
19233217 13836302
49 4085934 5723415 10
315269 17168367
4914589 9515732
10672589 7758998
15977189 10730782
17126141 16616783
17313169 919768
17808437 6255263
18074341 9685318
18235837 5081191
18910237 12183895
48 13410032 19915312 10
2 3727399
1065733 15416474
1479469 1115608
8507281 4568555
11091473 9121718
11549189 19600670
13698989 1090204
14149673 15996620
16423189 10652407
18711241 9847173
3 6276474 1254996 8
540373 2645583
6515413 5607565
11382593 16267226
13423793 15906738
14526493 18673397
16827989 13268526
19145429 8894042
19303217 16920436
49 5367927 7021789 10
1015753 12434644
5652533 15624339
5911181 10853456
6669961 6381857
8124293 18767209
8746369 18493018
9451121 6119832
18056921 13672659
18736849 12750214
19031773 7356623
50 15338880 9306521 10
2415997 15293523
4028681 8034412
5141813 11277195
8890241 863153
12503641 1603007
14859301 16589069
15768541 7261014
16646521 9370762
16958593 5920540
18173921 12208086
47 3381553 11999119 10
821477 16863189
1887569 562086
2422957 4346727
8784889 8465742
9843473 17085741
11230621 17069621
12941077 14661191
15947521 6019718
16211917 4648161
19709533 17594399
44 18200 16005151 3
12987053 13299468
13925053 15076474
15949673 4216494
30 7616892 14916516 10
2 19384201
3 10609064
5 17172225
1851077 15933756
2481901 5377058
6826289 15936380
10127213 5896235
12009073 11883996
17003521 9087574
17205733 3605381
49 1143955 685371 10
949621 11030426
1826557 11296678
3043457 13233825
4289921 5257253
8155817 5612742
10227277 18660356
14533741 17205972
14621561 11179935
17115457 9622773
18438457 16215383
21 6275308 7292158 4
3398209 16111084
8206901 10198736
11631157 8778171
19215017 299858
50 283014 18059789 10
636241 17039329
3310861 3158079
9302269 14568976
9789589 9885678
10064897 6166984
10563053 11845121
14988349 3101378
15182357 5873592
19086409 9139993
19787849 2584626
50 10001106 12941349 10
1807969 2078941
1888673 7453950
1990889 6786625
2669057 11748342
3265993 10909135
3906433 10187698
6019817 16735403
8193113 385967
13179013 11400865
16992293 18398253
50 19003370 16194710 10
2 6512014
5 7805787
10949 9497872
6102869 12445818
6413213 14830842
7983721 15902385
12571969 173215
13942937 4461313
17126797 3395966
18986533 13129830
50 10743604 18767378 10
2 15612894
5 12158629
2982929 20106228
6033857 16954874
7789841 10525245
8310397 8256882
12632401 5542814
13579409 2374356
15322757 9023338
17518261 241888
47 968532 15240702 10
831893 13931822
4113721 1535170
4939817 15516973
7903613 6967453
8752321 12609238
12459961 12070503
14740757 1989021
16215497 8448178
17078153 11317084
19591513 4419879
6 1 1 3
2 1
5 2
13 1
50 19930908 19755044 10
2 9290885
5 19080112
4859741 10212250
6442237 19973564
8775997 8191852
10475057 16416779
14125889 6598464
15946361 2624467
16369277 3154082
18670009 11606426
48 8067738 18600177 10
3 15282306
3500869 16623051
3835061 19304564
4027217 4750910
9181013 11520923
9498133 17827593
10349909 7448596
10581733 17696989
11563897 331263
11603453 9274115
46 11479405 1444204 10
398441 5967932
1306933 10149357
1422461 19615130
6801101 5576086
8301757 19579182
8631041 19377391
8994509 19471041
14610377 14382901
15563101 767790
16293037 10455791
49 18674782 14154385 10
7 4876588
2908397 12226477
2919097 8121642
4578901 2168598
7147873 18420133
7576981 12498853
7896401 3037825
13500649 1276547
15259369 95842
16092997 18801961
47 15723662 18726586 10
47 2026664
1582393 3923901
3917041 4270314
4278077 4046348
7289377 13830664
8394437 16239622
13048769 17989408
13479241 10733104
15339613 19528258
16599061 3614186
49 10912692 13908699 10
7 18392408
2341637 8578320
3216221 9499070
3825473 8999667
4700077 17001954
9321541 10338434
9510437 10188039
16246541 3353011
16349797 16409396
17751901 18728152
11 2692580 8207934 2
6788687 4560430
12986273 13766845
37 5970168 3056063 1
13334401 14495296
48 17078357 1937382 10
6757229 15581114
9426353 560901
9967781 14738988
12405817 18933127
13436377 9592013
14367869 11055302
15063589 7975467
15453041 12385185
16469197 12916687
17078389 2161759
48 3121248 17993136 10
2 14044658
3 7568050
1224121 4363697
8077753 7761135
8996941 10621433
9440989 13731878
12830449 11210118
15375593 5777397
16706341 9390023
18164281 20068566
46 128270 19808708 10
2 11032346
329969 7381693
883241 4198274
1541693 1656922
6644933 7518346
12678817 16757188
14330717 3825951
16132933 7601355
17563501 1836584
20099161 16428383
48 18420240 4769904 10
2 7561598
3 15535574
1560077 10417715
2027461 12479029
2028757 5744179
7229909 16015146
8546389 15565860
9325873 5538251
9582757 17434295
19758721 18463954
47 5187904 12697392 10
321721 16666020
971989 8910697
1924973 11186987
3477193 4151296
10083769 12357476
12073513 1884285
13037237 4315476
14049353 17433781
14947937 17260658
19798349 2240469
49 17457803 13753062 10
2524213 6755077
3124361 592507
3491429 8307525
3700001 5243374
7557997 9813461
9993173 8356984
10404593 8971949
11475929 2764882
17753077 8346591
19862189 10222556
49 13852839 2031883 10
7 8581642
3590413 16836693
4733189 18782119
6929789 1035717
10255337 6900563
11289077 15598683
11651537 15096870
13020677 5652975
14438297 16116216
16225477 14053636
5 10567122 13077678 6
2267053 15049846
4065209 12512927
14057941 6809839
15877397 1969162
17237873 11439331
17635333 10346652
47 10941553 9872867 10
47 16147358
561101 14162318
2385701 18694903
4196417 4415721
7057229 14467319
8931697 19201122
10511101 10503871
16484729 1234968
17855993 14744961
19879109 17715895
48 4835323 13963068 10
1283297 17436159
1305637 1275715
1488233 5322450
4286033 13071350
5562209 16157581
5714081 16076520
6164689 549502
6638341 8803188
8370797 5427774
12141541 19080985
46 6609372 14653806 10
2 842916
23 9370798
3672457 5833309
6403157 15629054
8984089 3412261
13575869 12149316
14358397 13657804
14518597 2597600
17996117 2188902
19854881 4121844
