100
5
1 2 3 4 5
3
3 5 6
2
5 6
2
5 5
15
643051 170056 145981 69295 194513 31013 869968 432887 243719 729286 503547 500469 567348 552882 614955
15
9698 46217 296743 763512 421274 310376 395416 828700 878282 203148 117865 299064 898050 19758 786748
10
437832 309519 704818 677419 155744 581711 663691 570271 997493 474879
13
682097 980694 667199 473839 344637 76496 239994 612881 421749 207694 291888 110438 618000
4
662847 805742 451851 45914
14
231050 742694 363451 865235 249442 851829 86720 376690 101547 587611 651340 536364 61474 254931
13
118302 336500 363696 121382 610435 706756 842469 252012 128824 765401 479384 15755 71616
5
186166 778403 919385 97589 603871
11
787455 83943 219844 681542 184503 1018 889769 17031 472230 160755 933292
15
509057 282667 921153 426763 644070 261791 852611 630784 676389 41426 579948 27084 789451 891276 693018
9
2380 5320 7055 6548 8794 3362 4480 2527 10424
12
2803 4790 165 5456 1678 3708 7416 5866 8239 2384 6594 16365
4
2435 5993 9506 15304
6
2652 6566 1455 4485 6388 7972
15
7491 7809 5083 9720 5306 350 6698 4592 197 564 5385 6601 2209 1737 11142
7
6193 7930 9464 1176 474 392 1227
14
5028 606 3241 7996 1797 988 6495 6488 5761 1338 6384 6951 295 6138
8
5204 2728 7713 7425 883 4779 9855 10875
3
8932 6017 13669
7
8336 8090 9951 555 6249 1658 1517
10
4475 5474 7008 2204 1193 6389 636 580 9416 12105
3
8968 8464 1568
6
1586 1140 8311 2404 6623 12938
3
6190 7205 1035
9
8229 3646 942 7163 71 886 4580 9920 603
3
4632 4563 971
5
8023 2013 8803 7990 9695
15
827 9958 4639 9087 5111 5472 7901 1056 180 2620 1312 7833 6678 2079 3055
3
5624 2542 7190
3
8965 4000 282
6
7324 2555 1188 9593 8863 7660
8
1227 7335 1890 4037 7167 3698 5458 4116
3
6158 2916 4248
15
9340 2626 3611 9024 4201 2069 5733 5422 3610 1516 5912 3797 1896 3852 525
5
4874 7730 8792 6955 13387
4
9646 9006 3397 3013
7
1093 5120 4610 6768 1357 1184 6618
5
6437 5149 2983 833 1502
5
2595 9479 9468 4694 6542
7
3848 9493 3905 7153 6825 35 9255
2
8630 1634
6
5578 7312 8759 9206 8382 4504
14
7228 4630 7962 556 6541 4014 9052 239 8053 1018 9320 1819 7303 3791
4
9423 7749 3756 13350
7
7456 3099 8575 8895 7596 6387 6052
14
5661 5592 9983 9638 4680 3328 4453 9260 6821 8158 3379 5409 996 2001
13
4735 2066 6712 816 5980 2563 7081 2682 2726 494 7965 2307 4799
10
9584 762 8447 1711 9749 3270 397 6488 8247 2038
13
6210 9841 2755 1133 188 8109 610 5255 4649 5096 4508 8909 3065
7
6737 3438 9087 2734 143 1948 14845
13
756 4215 5840 3999 4105 4591 2172 184 6331 958 4101 8393 10535
4
5623 9189 4877 9503
3
5572 4718 3056
9
9814 2245 3953 6857 8467 6717 2452 6515 4322
10
9059 7384 664 6954 8353 2250 5366 8734 4199 10477
11
3284 5990 4301 7772 3292 9146 8042 1710 8032 936 8594
9
1527 4523 1034 5007 4605 4167 3196 8025 8817
6
4661 4125 6057 4411 4218 5312
7
3868 1248 4738 3352 8242 3720 7084
15
3986 3013 4590 1607 8920 5233 1918 8214 2849 2171 2253 1457 2153 7212 6236
14
3763 9369 1636 3270 659 1401 9572 8277 6099 1562 1012 8668 4300 382
14
8338 6023 9666 9858 8653 3744 2834 8988 2335 928 4029 1995 2144 14751
7
5608 6233 889 4077 6281 6101 3705
11
3600 8687 8961 5594 9728 7997 4959 5016 4481 9714 6980
12
6768 2632 9031 2950 2667 3077 7941 82 4361 5507 2372 11278
12
4194 7504 7739 8302 9275 7443 8722 5902 1527 3273 2387 16190
6
6462 5494 1178 5816 5526 2846
11
154 89 7676 6708 8889 2841 8439 3305 4628 8419 12354
9
9047 5819 1497 991 9617 7258 39 6174 1600
8
8270 5890 8904 8330 1577 544 5659 156
10
8124 9168 4935 4983 6419 2783 167 9073 2757 1667
5
5329 5402 1830 5589 4920
3
8906 5550 14180
11
1962 3385 3217 5484 8334 25 8922 1669 7242 273 2813
10
5378 5249 4246 1557 632 7903 5382 1888 7596 1133
5
6825 840 2157 826 4790
10
4820 6943 1421 526 1798 2120 6147 2955 1526 6008
13
2745 1187 7622 6967 4453 3778 7170 7320 700 807 6405 5281 6447
5
3482 6346 4990 2905 3447
13
8497 3207 8315 7956 7112 9136 7569 8039 5799 5974 2888 1350 10152
3
8537 9414 6680
14
162 6263 4942 7283 4977 8961 7881 4047 6812 7008 1473 3445 4010 12412
7
7720 8225 1088 6367 7290 899 4473
4
2217 2909 3909 4762
3
1750 7584 7030
11
1109 8372 4513 2743 8296 6710 5174 2425 5562 7938 7082
3
9106 5381 13975
14
2719 3664 7043 8652 2452 5196 571 9118 6050 542 5154 9308 99 9905
5
2437 9589 721 1195 5999
12
3221 7584 2361 1242 9280 9842 8774 5523 2588 7316 3214 13111
13
4416 7936 2919 1092 9139 405 7460 2021 1631 1384 5082 9428 3517
8
37 2421 6549 7919 752 4039 5277 6016
3
7383 5486 2489
7
2725 8991 6635 1184 9435 9741 13863
3
8295 8276 5085
13
9684 608 9303 8378 8753 238 4411 397 9995 1896 3847 6719 9323
