100
6 7
36330
50248
10904
21282
40959
23266
1 2
1 3
3 6
2 5
3 5
2 3
2 4
1 0
59729
6 6
10001
10002
10003
10004
10005
10006
1 2
2 3
1 4
4 5
3 5
3 6
5 8
22855
31220
51780
78967
75675
4 5
1 4
1 2
2 4
3 5
1 5
2 3
2 5
2 1
34181
43523
1 2
5 4
36642
28444
50012
29651
10953
1 4
2 3
2 5
4 5
4 5
24436
42182
37963
63546
3 4
2 4
1 3
1 2
2 3
2 1
80030
52754
1 2
1 0
87043
2 1
68536
76677
1 2
7 11
20939
85385
13940
92905
87801
99772
76023
1 4
2 7
1 7
2 3
4 5
2 5
2 4
3 6
6 7
1 2
1 3
1 0
53685
6 10
44126
74490
72279
55402
50476
86322
4 5
2 5
5 6
2 4
2 6
1 6
3 5
1 4
1 2
2 3
6 6
65067
18798
71950
36858
51039
63215
2 6
2 5
1 3
1 2
3 4
5 6
6 5
10001
10002
10003
10004
10005
10006
1 5
1 2
2 3
2 6
4 6
6 12
61771
32446
56435
15266
35611
50120
2 6
1 6
4 5
3 6
1 4
5 6
1 2
1 5
2 3
2 5
3 5
2 4
7 16
85433
31947
92376
28265
33512
92678
16121
3 5
2 6
1 7
4 7
1 4
4 5
1 3
3 7
2 7
4 6
3 6
1 2
2 3
1 6
3 4
1 5
6 11
14809
94571
17926
77676
41924
62019
2 4
1 2
5 6
2 5
1 3
1 4
2 3
2 6
3 5
4 6
4 5
1 0
84359
8 8
64298
31096
17313
85111
97778
27852
96223
83614
6 7
1 6
5 6
2 3
1 2
3 8
3 4
2 5
4 5
13745
98995
92164
83802
2 3
1 2
1 3
1 4
3 4
4 4
66392
98948
77624
12151
2 3
3 4
2 4
1 2
6 6
10001
10002
10003
10004
10005
10006
1 2
1 6
2 3
2 4
3 5
4 5
3 2
87272
10830
24871
1 3
1 2
6 10
13728
54959
18074
97789
52756
34121
1 4
1 6
4 6
2 3
1 5
1 2
2 4
3 6
1 3
5 6
2 1
63528
21450
1 2
8 9
78615
80314
83739
89343
36871
81148
25376
48274
2 3
1 4
2 5
1 2
5 8
6 7
6 8
4 6
2 4
1 0
15685
2 1
48971
22745
1 2
6 7
20386
53747
85898
90700
37486
75241
5 6
1 2
1 3
1 4
2 5
3 6
1 6
3 2
10171
53735
58622
1 2
1 3
6 13
34180
77310
15912
69552
98468
47635
2 3
1 4
1 3
3 6
2 5
1 2
3 5
1 5
4 5
4 6
5 6
2 4
3 4
8 13
10001
10002
10003
10004
10005
10006
10007
10008
1 3
1 5
1 7
3 5
3 7
5 7
2 4
2 6
2 8
4 6
4 8
6 8
3 4
7 6
88312
47393
96607
87020
76192
96642
54669
2 3
3 6
4 5
1 2
6 7
3 4
6 7
10001
10002
10003
10004
10005
10006
1 2
2 3
1 4
4 5
3 5
3 6
2 6
3 2
79084
61848
81944
2 3
1 2
5 9
13046
52645
70375
99765
35494
2 5
1 2
1 3
3 5
2 3
3 4
4 5
1 5
2 4
5 5
37089
95527
70835
25198
73288
2 5
3 4
1 2
1 3
2 3
2 1
36356
58041
1 2
3 2
34472
12243
23985
2 3
1 2
6 10
84593
13998
67721
44532
16071
90956
1 4
3 6
4 6
2 5
1 3
5 6
2 4
1 2
2 3
1 6
4 3
77437
16584
91135
55670
2 3
2 4
1 2
8 24
45481
34688
53502
65194
91986
81419
79512
63494
1 3
5 6
2 8
1 6
6 8
1 8
3 8
1 5
1 7
7 8
3 5
1 4
1 2
6 7
3 7
5 7
3 6
3 4
4 7
2 7
2 4
2 3
4 6
2 5
4 4
40132
21221
42831
95213
1 3
2 4
1 2
1 4
8 7
76590
98916
47059
87110
91588
46749
83217
30177
2 5
5 7
5 6
1 2
1 3
3 4
1 8
2 1
80711
12750
1 2
6 13
34877
92802
12358
99248
76257
30700
2 6
1 2
3 4
2 3
2 4
3 6
2 5
4 5
1 3
1 6
3 5
1 4
5 6
4 3
10001
10002
10003
10004
1 2
1 3
2 4
1 0
10001
2 1
94771
23762
1 2
2 1
10001
10002
1 2
3 2
91799
90308
59688
1 2
1 3
7 10
93605
63907
19798
59573
96378
51742
13655
2 5
3 5
4 6
5 7
1 7
2 4
1 3
1 4
6 7
1 2
3 2
10001
20000
10000
1 2
2 3
8 28
10001
10002
10003
10004
10005
10006
10007
10008
1 2
1 3
1 4
1 5
1 6
1 7
1 8
2 3
2 4
2 5
2 6
2 7
2 8
3 4
3 5
3 6
3 7
3 8
4 5
4 6
4 7
4 8
5 6
5 7
5 8
6 7
6 8
7 8
3 2
46208
84507
24440
1 2
1 3
6 14
10991
90480
94209
45033
64323
46132
2 3
4 5
4 6
1 6
1 3
1 2
2 6
1 5
3 6
2 5
3 4
3 5
5 6
2 4
3 2
58265
72717
73532
2 3
1 2
5 4
10001
10002
10003
10004
10005
1 4
1 3
3 5
2 5
1 0
71346
7 16
99107
78552
45967
21807
20086
40243
90589
5 7
1 6
2 6
6 7
1 3
2 5
2 7
3 6
1 7
2 4
3 4
1 2
1 5
3 5
5 6
4 7
2 1
79310
38609
1 2
2 1
90271
94025
1 2
4 4
53713
80611
80341
83799
1 3
2 4
2 3
1 2
8 9
10001
10002
10003
10004
10005
10006
10007
10008
1 3
3 5
5 7
1 7
2 4
4 6
6 8
2 8
3 4
3 2
43865
93934
70416
1 2
2 3
3 2
76532
85248
12930
2 3
1 2
8 23
85312
65916
83459
34717
21119
29464
79208
34500
2 7
5 6
1 3
5 7
1 5
4 7
7 8
1 2
3 5
2 4
3 6
4 8
1 4
2 3
3 8
4 6
1 7
2 8
6 7
2 6
4 5
1 6
6 8
5 6
10001
10002
10003
10004
10005
1 2
2 5
3 5
1 3
1 4
2 4
6 13
92010
26256
97951
45201
13183
62825
3 5
2 6
2 3
3 6
1 4
1 6
1 3
4 5
1 2
2 4
5 6
2 5
4 6
5 5
21339
35630
54594
75947
95437
1 4
2 4
4 5
2 3
1 2
7 10
65811
31700
66880
47809
66384
93867
27040
5 6
4 6
2 7
4 5
2 3
2 4
5 7
1 4
1 2
2 6
7 17
38715
26040
87719
81979
46852
23948
22653
4 7
5 7
2 6
5 6
1 3
3 6
4 6
6 7
1 6
3 7
1 7
2 7
1 4
2 5
1 2
3 4
2 3
6 11
55396
48694
80150
49761
66385
22132
3 5
3 4
1 5
3 6
1 2
1 3
4 6
2 3
4 5
2 6
2 4
5 8
30235
78286
77945
67263
53261
2 3
2 5
1 3
1 5
1 2
3 5
1 4
2 4
2 1
85801
29228
1 2
3 2
19140
29178
85713
1 3
1 2
4 4
10001
10002
10003
10004
1 2
1 3
2 4
3 4
5 5
36642
28444
50012
29651
10953
1 2
1 4
2 3
2 5
4 5
7 15
68108
72705
22490
51911
88683
68932
17204
1 2
1 3
3 5
5 7
2 5
4 5
4 7
1 7
2 7
2 3
3 4
6 7
2 6
4 6
1 6
5 7
19991
94499
92656
57172
79427
4 5
1 4
2 5
3 5
2 3
1 2
1 3
7 6
87860
26477
71909
14598
51536
22422
63540
1 4
1 5
3 6
1 2
5 7
1 3
1 0
28089
6 6
39653
54491
23381
47514
29639
18558
4 6
2 5
1 2
1 4
1 3
2 4
3 2
96812
93684
50465
1 3
1 2
6 12
14091
85366
83092
63997
60629
33618
1 6
5 6
2 4
1 4
2 6
4 6
3 4
2 3
3 5
1 2
2 5
1 5
2 1
27493
87111
1 2
6 7
91161
36926
29947
73554
38426
56547
1 2
1 6
3 5
3 6
1 4
1 5
2 3
8 10
96079
29897
12627
30502
38737
33249
65439
35889
1 3
1 8
5 6
1 2
4 7
6 7
1 4
1 5
3 7
1 7
1 0
29092
1 0
98384
2 1
29535
53554
1 2
4 3
70799
86765
17281
88625
2 3
3 4
1 2
3 2
97605
79376
94630
1 2
2 3
3 2
21918
45413
13866
1 3
1 2
5 4
34494
96245
93451
14835
86397
1 2
1 5
2 4
2 3
8 13
53958
51098
24458
16857
81243
35417
80949
69273
2 3
2 6
1 2
6 8
4 7
5 6
3 8
2 8
1 6
2 4
4 5
2 7
6 7
7 13
18345
71197
84122
32022
23953
68336
25729
5 7
4 6
1 7
3 6
2 6
4 5
3 7
2 7
1 2
3 5
2 3
1 6
3 4
2 1
15051
17149
1 2
6 14
94851
38319
46339
71616
54954
96078
1 4
1 2
1 5
2 4
2 5
3 5
3 4
5 6
1 3
4 5
3 6
2 6
4 6
2 3
