100
4 5
93426
54924
45364
71003
1 4
2 3
1 2
1 3
3 4
6 13
53521
76358
52311
92323
55453
34169
4 5
3 4
3 5
1 3
1 4
1 6
2 4
1 2
2 5
5 6
4 6
3 6
1 5
6 12
30059
89413
36426
81702
64002
22378
4 5
3 5
3 6
1 4
3 4
2 3
1 2
1 5
2 5
2 4
5 6
1 6
6 5
36109
55075
96158
17255
32756
69137
2 5
1 2
5 6
3 4
2 3
1 0
66785
6 7
85502
97639
15680
35355
50912
41109
2 3
4 5
1 2
1 5
2 4
5 6
3 6
2 1
58097
37341
1 2
1 0
30606
5 4
10001
10002
10003
10004
10005
1 4
1 3
3 5
2 5
3 2
25624
88011
20318
1 2
2 3
3 2
22150
98616
60173
1 2
1 3
4 4
10001
10002
10003
10004
1 2
1 3
2 4
3 4
7 10
55231
60562
99667
73317
83699
73468
44361
2 3
4 7
1 6
2 4
3 4
1 2
1 5
3 7
3 6
1 4
4 5
11614
79342
74944
56835
1 2
1 3
3 4
1 4
2 4
8 24
38889
87469
94632
59267
45777
44367
95829
98608
4 5
4 8
5 6
4 6
1 8
2 8
1 3
1 5
3 5
7 8
6 7
1 2
1 4
3 7
4 7
3 6
5 7
2 7
1 6
3 8
2 3
3 4
2 6
2 4
6 14
54670
88899
76933
45738
90318
55067
1 5
2 6
2 5
3 6
1 3
1 4
1 2
4 6
3 5
5 6
3 4
2 3
4 5
2 4
3 2
52637
70642
95017
2 3
1 2
5 7
12118
20458
12472
32543
18433
1 5
1 3
1 2
1 4
2 5
2 3
3 4
3 2
54477
19580
15556
2 3
1 2
4 4
25063
76488
22810
97744
1 3
3 4
1 2
2 3
6 6
10001
10002
10003
10004
10005
10006
1 2
2 3
1 4
4 5
3 5
3 6
6 6
81146
30038
88658
11559
26272
76334
1 2
1 6
1 4
1 5
5 6
1 3
8 9
76082
48868
65818
65206
35257
10188
78129
34675
5 7
1 3
4 8
4 6
1 2
3 7
2 4
1 5
4 7
1 0
32399
6 6
66092
94745
28720
30413
54149
19685
2 3
1 2
3 6
3 5
2 4
2 6
3 2
34907
76281
78077
2 3
1 2
8 22
41938
84942
57579
64456
19666
89056
93221
76928
6 7
3 4
3 7
1 6
1 7
1 8
5 6
3 5
2 5
4 5
2 6
2 8
5 7
2 3
2 4
7 8
1 5
2 7
1 2
4 6
1 4
3 6
7 16
26176
70558
38612
24202
73658
63922
78524
4 6
3 7
1 4
3 4
3 6
2 5
1 5
1 2
4 5
2 4
1 7
3 5
2 3
1 6
5 7
1 3
3 2
74245
29344
12522
1 3
1 2
5 7
96049
97601
15501
55580
92885
1 5
1 2
3 4
3 5
2 5
1 4
2 3
4 3
93974
86999
79315
42675
3 4
1 3
1 2
8 9
10001
10002
10003
10004
10005
10006
10007
10008
1 3
3 5
5 7
1 7
2 4
4 6
6 8
2 8
3 4
5 8
19225
42813
87876
15212
93572
1 5
3 5
2 5
2 3
3 4
4 5
1 2
1 4
8 25
22128
14684
56573
40978
34914
27965
59284
73137
2 8
1 3
6 7
2 7
2 6
4 8
3 7
1 2
2 5
4 6
3 6
7 8
1 4
1 7
6 8
5 6
5 8
3 5
1 5
4 7
2 4
1 8
2 3
1 6
3 4
5 6
10001
10002
10003
10004
10005
1 2
2 5
3 5
1 3
1 4
2 4
5 5
36642
28444
50012
29651
10953
1 2
1 4
2 3
2 5
4 5
3 2
13275
41113
18792
1 3
1 2
5 9
20209
29053
67969
21854
39833
2 5
3 4
1 5
2 4
4 5
1 2
1 3
1 4
3 5
2 1
41577
94604
1 2
4 3
10001
10002
10003
10004
1 2
1 3
2 4
3 2
32415
24969
83686
1 2
1 3
7 6
67449
71044
22740
38176
70067
53152
23415
3 7
3 6
4 5
1 2
1 3
1 4
6 13
86436
17617
18297
71586
43726
63372
1 3
1 5
1 2
4 6
2 6
1 6
3 6
2 5
1 4
4 5
2 3
3 5
5 6
5 5
83139
14990
39134
57384
40686
2 3
1 5
1 4
1 2
1 3
5 9
55066
68516
61035
86722
50222
2 5
3 5
1 2
3 4
2 3
1 5
1 3
4 5
1 4
3 2
55772
95151
14083
1 2
2 3
3 2
30639
64042
43436
1 2
1 3
1 0
89413
1 0
33702
5 7
70525
69433
44608
74698
84263
1 5
1 4
2 3
2 5
1 2
1 3
3 4
7 7
66003
21742
48575
43611
38303
30490
42339
1 3
4 6
1 2
2 5
5 7
1 5
1 4
3 2
14027
70456
59748
2 3
1 2
1 0
14100
6 6
10001
10002
10003
10004
10005
10006
1 2
1 6
2 3
2 4
3 5
4 5
8 28
10001
10002
10003
10004
10005
10006
10007
10008
1 2
1 3
1 4
1 5
1 6
1 7
1 8
2 3
2 4
2 5
2 6
2 7
2 8
3 4
3 5
3 6
3 7
3 8
4 5
4 6
4 7
4 8
5 6
5 7
5 8
6 7
6 8
7 8
3 2
40464
81814
17882
1 3
1 2
5 4
36642
28444
50012
29651
10953
1 4
2 3
2 5
4 5
3 2
36390
47881
60343
1 3
1 2
7 6
16221
88945
46297
10404
81982
80651
60554
1 3
2 7
4 6
1 4
3 5
1 2
6 13
70651
85626
45886
65518
77817
28145
3 5
1 3
1 6
3 4
3 6
4 6
1 4
2 6
1 5
2 3
2 5
5 6
1 2
3 2
10001
20000
10000
1 2
2 3
3 2
21493
28880
42461
1 2
2 3
8 17
19423
10498
77280
29051
41611
92424
21694
70264
3 8
2 6
3 4
2 3
4 8
3 6
2 7
1 8
4 7
2 5
1 5
1 2
1 4
1 6
3 5
1 7
2 8
2 1
10001
10002
1 2
3 2
80977
49396
46799
1 2
2 3
3 2
79382
84364
66529
1 2
2 3
3 2
82729
60795
11958
2 3
1 2
3 2
85879
15620
24812
2 3
1 2
7 10
56780
71277
82552
26184
98171
40671
25288
6 7
4 6
2 6
1 5
2 3
3 4
1 2
4 7
5 6
1 4
4 4
99017
59017
73297
63501
1 2
1 3
1 4
2 4
6 7
41940
95611
83467
39260
86403
76632
2 6
1 2
1 6
4 5
1 3
2 3
1 4
8 22
60819
29735
75150
25918
51683
53068
63261
40599
2 8
5 6
4 5
1 3
3 8
2 5
3 7
4 6
3 4
1 6
2 6
4 8
1 2
1 4
1 7
2 7
2 4
1 8
1 5
5 8
5 7
6 8
6 9
43735
81947
30335
35221
75655
89123
4 6
1 2
5 6
2 6
3 5
2 5
1 3
1 5
2 4
3 2
80366
29153
97014
2 3
1 2
4 3
91046
66076
59823
48747
1 3
1 2
3 4
6 5
10001
10002
10003
10004
10005
10006
1 5
1 2
2 3
2 6
4 6
6 7
10001
10002
10003
10004
10005
10006
1 2
2 3
1 4
4 5
3 5
3 6
2 6
8 10
69227
54064
22430
77397
74463
83332
97361
69901
3 4
2 6
3 7
4 5
1 2
3 8
2 7
1 3
2 3
2 5
2 1
24073
97974
1 2
3 2
15533
64661
83584
1 2
2 3
3 2
32069
21603
12136
1 2
2 3
8 23
12987
71515
87404
65668
73554
23197
46605
43442
1 5
1 2
4 7
7 8
4 6
1 3
2 3
2 5
1 8
5 6
2 4
3 8
6 8
3 4
1 4
6 7
3 5
2 8
1 6
5 8
5 7
2 7
4 8
1 0
88235
7 9
93745
26174
88299
91486
93708
62436
54815
1 3
1 5
1 2
1 4
1 6
4 7
2 4
4 5
2 3
4 3
11995
18161
55144
57455
1 2
2 4
2 3
7 7
59412
51600
75892
60615
86421
39240
55514
1 2
4 6
2 5
1 3
1 4
2 4
2 7
3 2
15771
46462
77927
1 3
1 2
2 1
28329
31739
1 2
1 0
10001
3 2
95921
20613
54100
1 2
2 3
8 23
29860
27351
21618
90531
35764
93631
32205
21613
3 6
1 8
3 8
4 8
4 6
2 3
1 7
3 7
6 8
1 6
2 5
5 7
1 2
1 5
3 4
1 3
2 8
2 7
4 5
6 7
2 4
1 4
2 6
8 13
21633
61019
12137
89090
94059
56764
48074
46269
2 5
4 7
1 4
2 8
2 4
3 5
2 6
4 6
1 2
1 3
6 7
5 8
2 7
7 10
87385
21610
22945
35043
39933
39381
96704
2 6
1 6
1 5
3 4
3 6
4 7
6 7
1 2
5 7
2 3
5 4
23570
51107
87659
35571
20193
1 5
1 2
1 4
1 3
6 14
78588
40606
81534
86628
31612
49120
5 6
4 6
1 6
4 5
3 4
1 3
1 5
1 4
3 5
2 3
2 5
2 4
1 2
2 6
8 13
10001
10002
10003
10004
10005
10006
10007
10008
1 3
1 5
1 7
3 5
3 7
5 7
2 4
2 6
2 8
4 6
4 8
6 8
3 4
2 1
38572
87911
1 2
3 2
56498
36296
83989
1 3
1 2
3 2
66814
16361
53326
1 3
1 2
5 7
67648
86622
83349
45987
89349
1 5
1 4
1 2
2 3
4 5
3 5
2 5
