100
8 22
24258
65607
79187
42143
28534
17877
78450
38874
2 4
3 7
1 7
2 6
3 5
1 3
2 8
3 4
1 2
2 7
1 5
1 6
2 5
3 8
4 6
4 7
6 7
5 7
2 3
3 6
5 8
4 5

1 0
57542


4 4
32978
32992
60042
86179
2 3
1 2
2 4
1 3


8 27
37925
99241
87498
69296
30099
93914
93198
25124
6 8
2 6
3 7
1 3
1 8
1 2
2 7
4 6
3 6
7 8
5 7
3 4
4 7
2 5
1 4
1 5
2 3
6 7
1 6
3 5
2 4
3 8
4 5
5 6
5 8
4 8
1 7
8 25
15986
68560
75493
48400
74576
73206
66679
63503
1 7
7 8
6 8
4 8
1 4
6 7
3 8
4 5
5 8
2 3
2 4
1 8
5 7
1 5
5 6
1 6
1 3
3 5
2 5
2 7
2 6
1 2
4 7
3 7
3 4
7 17
41044
99389
31947
97535
60387
30632
81186
1 3
3 7
2 3
3 4
2 6
4 7
1 7
5 7
4 5
5 6
2 7
1 2
4 6
2 4
6 7
3 5
2 5
4 3
41223
43266
65096
54186
1 3
1 2
3 4
5 6
43080
19896
67132
62649
20278
4 5
1 2
2 4
2 3
1 4
1 5
1 0
89680
3 2
10001
20000
10000
1 2
2 3
3 2
74569
47910
19852
1 3
1 2
8 28
10001
10002
10003
10004
10005
10006
10007
10008
1 2
1 3
1 4
1 5
1 6
1 7
1 8
2 3
2 4
2 5
2 6
2 7
2 8
3 4
3 5
3 6
3 7
3 8
4 5
4 6
4 7
4 8
5 6
5 7
5 8
6 7
6 8
7 8
4 4
10001
10002
10003
10004
1 2
1 3
2 4
3 4
7 11
44445
37003
46922
80660
98635
90217
51565
2 3
3 4
4 5
5 6
4 7
1 7
3 6
5 7
2 4
2 6
1 2
5 4
36642
28444
50012
29651
10953
1 4
2 3
2 5
4 5
4 5
40810
56079
98000
27884
1 2
3 4
2 4
1 3
1 4
6 13
33150
75336
36452
92024
43279
34890
2 4
1 2
3 6
4 6
3 4
1 3
3 5
1 4
5 6
1 6
2 3
4 5
2 5
7 10
31949
77591
66899
23165
55274
15547
71328
1 3
1 7
5 7
3 6
3 4
4 7
1 5
1 2
2 7
5 6
6 11
30645
35965
15234
57930
60380
52002
3 4
4 5
5 6
1 3
2 5
3 6
2 4
1 4
1 6
3 5
1 2
5 6
46215
65280
53295
64552
34800
1 2
1 4
2 4
4 5
2 3
1 5
3 2
71492
85378
24320
1 2
2 3
5 6
86328
13811
16889
88404
40519
2 4
1 3
1 4
1 5
3 5
1 2
8 15
46415
13143
99219
92217
76558
87644
94116
64170
2 3
2 4
1 2
1 7
3 5
1 3
6 8
1 4
2 6
2 8
2 7
7 8
6 7
5 7
3 8
7 14
83464
56354
44843
74545
13066
19023
36309
5 7
3 6
1 2
5 6
3 4
3 7
2 7
1 6
3 5
1 7
1 3
1 4
1 5
2 3
3 2
28880
84566
15685
1 3
1 2
5 5
36642
28444
50012
29651
10953
1 2
1 4
2 3
2 5
4 5
5 8
21626
89128
50525
52235
42130
3 5
2 5
1 5
1 2
4 5
1 4
1 3
2 3
6 6
10001
10002
10003
10004
10005
10006
1 2
1 6
2 3
2 4
3 5
4 5
5 9
77687
90436
91940
36790
86764
2 4
1 2
2 5
2 3
1 3
1 5
1 4
3 5
3 4
1 0
93846
5 4
30221
90436
50741
75648
49754
3 4
1 2
2 3
4 5
8 14
48861
21137
28308
45714
71020
31196
89528
18396
2 6
6 7
1 5
1 4
3 7
5 6
4 8
1 6
4 6
5 8
1 3
2 5
4 5
1 2
8 20
82019
11495
17423
86497
83740
83579
57050
52208
4 7
1 7
1 3
4 6
2 5
6 8
2 4
1 5
1 6
3 6
3 5
1 2
1 4
7 8
4 8
3 8
5 7
1 8
5 8
2 3
4 3
10001
10002
10003
10004
1 2
1 3
2 4
7 19
63369
87369
67401
99933
70855
69702
46355
2 4
1 3
1 6
3 5
5 6
6 7
4 6
1 7
1 5
4 7
3 7
3 6
1 2
2 7
1 4
2 6
2 5
3 4
5 7
5 8
73737
48239
78465
64284
97959
3 5
1 5
1 4
3 4
1 3
1 2
2 3
4 5
5 4
10001
10002
10003
10004
10005
1 4
1 3
3 5
2 5
4 3
30190
11603
87179
81606
2 3
1 2
1 4
6 5
10001
10002
10003
10004
10005
10006
1 5
1 2
2 3
2 6
4 6
2 1
83881
17522
1 2
6 14
63561
28819
15274
98709
71140
91602
2 4
4 5
3 6
1 2
1 4
1 5
2 3
2 5
3 4
1 3
1 6
2 6
5 6
4 6
3 2
79247
29550
84460
2 3
1 2
5 4
29123
72446
17228
36419
42286
1 3
1 4
1 2
3 5
4 4
16209
35835
80318
47219
1 2
2 4
1 3
1 4
2 1
81339
38667
1 2
1 0
19735
8 9
96520
11856
75473
52847
27136
42907
71281
99799
4 5
1 2
1 3
1 8
1 4
5 6
2 5
2 8
3 7
3 2
17296
63487
82025
2 3
1 2
6 14
25717
64758
88664
53598
48971
45169
2 3
1 2
3 4
3 6
5 6
2 5
2 4
1 6
4 5
4 6
3 5
2 6
1 3
1 4
1 0
78287
1 0
50332
5 4
25887
66072
46500
75797
44968
3 5
3 4
1 3
1 2
1 0
10001
8 9
13270
28060
42162
53558
72543
70476
62878
85764
6 7
1 7
2 6
1 2
2 3
2 4
1 8
4 6
3 5
5 7
34197
94192
91879
55427
52966
1 2
2 4
2 3
1 4
3 4
3 5
2 5
1 0
72823
4 5
42111
71987
65700
82085
1 2
1 3
2 4
3 4
1 4
3 2
11306
76428
74619
1 3
1 2
6 14
71987
84508
24297
70214
33042
21934
1 5
1 2
2 4
2 3
4 5
1 4
3 6
1 3
2 5
3 4
3 5
5 6
4 6
1 6
4 5
51590
92424
82841
98654
2 4
1 4
3 4
1 3
1 2
1 0
33914
8 13
43750
53018
39635
13716
55237
95640
80003
54992
4 8
4 6
1 8
4 7
1 5
2 3
4 5
3 7
2 7
3 4
2 6
1 7
1 2
8 16
41758
58304
92787
42732
98307
61950
64622
86247
4 6
1 5
1 6
2 3
6 7
1 7
2 5
5 8
2 4
6 8
1 2
2 8
2 7
3 5
7 8
2 6
8 8
61082
28433
76310
21454
60007
96769
70219
96774
1 2
1 3
2 6
1 8
4 6
1 7
4 5
2 4
1 0
50569
1 0
15276
1 0
13785
7 11
16529
45126
81652
86043
77496
50451
89777
4 6
1 4
2 7
2 4
1 6
1 2
2 3
1 3
2 5
1 7
3 6
6 6
10001
10002
10003
10004
10005
10006
1 2
2 3
1 4
4 5
3 5
3 6
2 1
20304
83696
1 2
1 0
94029
6 10
67561
22166
24565
47936
97448
34416
2 5
1 3
5 6
3 5
4 6
2 3
2 6
1 2
3 4
2 4
4 5
81478
90501
59882
12888
2 3
3 4
1 3
1 2
1 4
7 9
24808
59218
39425
45992
41392
65311
80019
3 5
4 6
6 7
3 4
3 7
1 3
2 6
4 5
1 2
1 0
93299
1 0
74972
2 1
10001
10002
1 2
2 1
23804
70189
1 2
5 6
98389
96715
15056
80662
16186
1 5
2 3
3 4
4 5
1 2
2 4
5 9
66193
81329
62359
71613
76746
1 4
1 5
3 4
2 3
3 5
1 3
2 4
1 2
2 5
6 7
10001
10002
10003
10004
10005
10006
1 2
2 3
1 4
4 5
3 5
3 6
2 6
5 8
56091
36271
71984
43387
63963
1 2
1 4
1 5
2 3
1 3
4 5
2 4
2 5
8 20
24047
50922
18298
39110
34606
54086
19277
62072
1 3
3 6
4 7
6 7
4 5
2 4
3 4
3 5
3 7
1 8
3 8
2 3
2 6
6 8
1 2
1 4
5 7
2 7
1 5
1 6
8 9
10001
10002
10003
10004
10005
10006
10007
10008
1 3
3 5
5 7
1 7
2 4
4 6
6 8
2 8
3 4
5 6
10001
10002
10003
10004
10005
1 2
2 5
3 5
1 3
1 4
2 4
5 9
40615
81062
63989
33499
17690
3 5
1 2
1 5
1 4
3 4
4 5
2 3
2 4
2 5
7 19
88162
47897
75906
47440
67766
32214
60262
2 5
4 7
3 6
2 4
2 7
1 7
1 3
3 4
5 6
3 7
2 6
1 5
6 7
2 3
1 4
1 2
5 7
3 5
4 5
8 27
63972
42895
17381
38299
83957
28759
96871
13691
1 6
2 4
1 2
2 8
1 3
6 7
4 6
2 3
4 7
2 7
3 7
3 4
4 5
5 7
3 5
1 5
1 4
5 8
6 8
3 8
5 6
7 8
2 5
1 8
1 7
2 6
4 8
8 25
74993
73725
85695
51959
42542
39126
85462
90074
1 5
4 8
5 7
2 7
3 5
6 7
1 7
2 5
7 8
2 3
6 8
3 6
1 2
4 5
3 8
1 8
5 8
1 3
4 6
2 4
2 8
1 4
4 7
5 6
1 6
6 8
98053
10346
75660
96185
40252
56155
1 4
1 2
4 6
4 5
2 5
1 6
2 3
3 5
6 9
54030
67975
51062
21377
68572
23382
2 5
3 4
1 4
3 6
1 5
1 2
1 3
2 3
2 4
3 2
13476
37705
82160
1 2
2 3
8 14
40351
97802
88666
74020
22032
33739
17137
41301
1 8
2 7
1 2
1 3
5 6
2 3
1 7
4 8
2 5
4 5
1 4
3 4
6 7
5 7
5 9
85325
79267
10020
34943
44363
1 2
1 3
4 5
2 4
1 4
2 5
3 5
2 3
1 5
5 4
69609
72311
92867
99147
63688
2 3
3 4
3 5
1 2
8 20
61971
40756
39973
37632
43293
70225
90139
64695
3 7
2 6
1 7
1 2
5 7
4 6
2 3
1 8
1 6
5 8
3 8
3 5
7 8
5 6
6 7
2 7
1 5
2 5
1 4
2 8
6 9
16186
22927
87715
55064
41419
87544
2 3
2 4
5 6
1 2
4 5
3 5
4 6
2 6
3 4
7 16
37481
43668
82372
67333
73240
87969
25493
1 7
1 5
5 7
2 3
1 3
5 6
6 7
2 4
2 7
4 7
1 2
3 4
3 7
4 5
4 6
2 5
8 13
10001
10002
10003
10004
10005
10006
10007
10008
1 3
1 5
1 7
3 5
3 7
5 7
2 4
2 6
2 8
4 6
4 8
6 8
3 4
1 0
73172
