500
223 2 362
303 2 215
634 2 722
480 2 578
163 1 598
586 1 293
380 1 300
553 2 436
248 1 961
210 2 222
506 2 229
998 1 410
991 2 1
794 1 457
344 2 965
15 2 1
443 2 477
927 2 314
790 2 322
786 2 201
490 2 714
48 2 400
419 2 187
780 2 60
865 2 173
549 1 509
984 2 492
916 2 692
880 2 777
53 1 220
3 1 1
791 2 714
360 2 360
623 2 595
21 1 139
648 1 326
841 2 954
876 2 876
2 1 1
997 2 2
162 1 203
11 2 739
36 2 629
876 1 438
929 2 929
767 2 767
861 1 287
646 2 112
991 2 2
439 2 472
318 2 362
281 2 53
632 2 632
191 2 694
6 1 128
729 2 633
660 2 254
770 2 673
634 1 634
935 2 182
2 1 2
412 2 412
518 1 83
391 1 34
622 1 622
698 2 985
667 2 667
2 2 512
324 1 613
713 1 713
605 2 605
352 2 320
615 2 468
744 2 372
433 2 429
954 1 954
475 1 475
1 1 2
792 1 24
4 1 1000
903 2 157
835 1 835
97 2 113
10 2 410
92 2 117
902 2 995
226 1 423
1 2 1
6 2 771
854 1 941
1000 2 1
482 2 699
598 2 598
83 2 203
77 1 723
634 1 634
914 2 457
2 2 1000
189 2 931
1 1 997
100 1 403
4 2 2
15 2 2
617 1 617
1 1 1
2 1 997
592 2 800
835 2 866
615 2 441
169 1 744
832 2 832
408 2 975
2 2 970
84 1 126
887 2 887
192 2 580
942 1 942
1000 1 2
184 2 83
486 1 902
3 2 1000
430 2 430
4 2 1000
658 2 821
466 2 305
946 1 11
580 2 286
536 2 91
346 2 771
836 2 603
748 2 748
634 1 317
2 1 8
237 2 429
460 2 340
729 2 81
15 1 1
568 2 633
130 1 215
4 1 526
751 2 542
4 1 512
212 2 273
483 2 69
261 2 214
708 1 236
240 1 193
152 1 804
201 1 201
112 1 296
980 1 851
487 2 487
490 2 575
653 1 653
72 1 944
611 2 611
439 1 140
807 2 269
850 2 170
191 2 562
502 2 808
754 2 247
737 2 737
256 2 256
194 2 131
3 2 2
401 2 401
874 1 874
252 2 661
545 2 468
536 1 536
60 2 354
656 2 656
437 1 23
2 2 97
357 2 84
632 1 316
667 2 833
686 1 839
258 2 419
798 2 399
242 1 934
877 1 684
265 2 538
542 2 745
246 2 77
62 1 45
150 2 150
1 2 2
588 2 62
1000 1 997
594 1 594
327 2 228
569 2 444
991 2 997
613 2 707
993 1 903
985 2 9
958 2 958
689 2 808
169 2 181
733 2 568
15 1 1000
696 2 696
428 2 437
553 2 451
781 2 707
227 1 59
525 2 783
177 1 177
600 2 600
720 1 720
241 2 455
4 1 997
485 2 395
277 2 919
772 2 548
359 2 784
995 2 480
742 2 337
15 1 997
909 2 860
920 1 760
574 2 574
665 2 665
432 2 72
3 1 2
688 2 534
15 2 997
2 1 1000
1000 2 2
692 2 317
483 1 937
330 2 160
232 2 932
210 2 872
223 2 46
520 1 260
2 2 2
3 1 81
900 1 300
580 2 116
830 2 830
781 2 215
231 1 454
722 1 914
4 1 2
920 2 604
499 1 499
217 2 691
250 1 506
949 1 203
467 2 467
404 1 435
563 1 563
762 1 381
3 2 266
572 1 572
978 2 978
985 1 447
490 1 456
319 1 449
644 2 527
567 1 968
3 1 997
15 1 2
590 2 590
458 2 152
22 2 627
997 2 1
551 2 586
342 2 760
6 1 896
660 1 660
1000 2 1000
579 2 928
991 2 1000
984 1 328
797 2 556
605 2 605
234 2 117
880 2 818
992 2 804
189 1 189
896 2 448
216 2 216
917 2 854
74 1 620
750 2 750
512 2 462
152 2 494
648 2 72
1000 2 456
532 2 910
243 1 186
931 1 435
557 1 272
866 1 694
628 1 628
502 1 502
925 2 925
609 2 949
853 2 704
887 1 705
298 2 930
84 1 42
492 2 548
6 2 514
455 2 670
1 2 997
133 1 194
67 1 476
110 1 901
860 1 113
932 2 965
540 2 527
605 1 629
1 2 1000
944 1 976
676 2 676
151 2 278
82 2 676
4 2 997
824 2 226
976 2 22
328 2 544
735 2 544
586 2 233
104 2 147
872 1 218
64 2 7
799 1 890
103 2 235
296 2 37
958 2 219
249 2 81
949 1 949
955 1 955
4 2 1
131 2 338
628 2 631
127 1 947
582 1 580
960 2 556
426 1 40
83 2 602
893 2 893
272 1 164
927 2 934
639 1 53
3 2 487
145 2 811
134 1 134
971 1 971
202 2 477
211 2 788
762 2 680
781 1 407
320 1 391
344 2 511
117 2 431
952 2 484
651 1 651
3 2 1
227 1 424
710 2 294
629 1 629
347 2 842
3 2 997
402 2 768
577 2 875
433 1 433
369 2 903
798 2 183
891 1 297
113 2 659
842 1 842
949 2 943
675 2 365
502 2 502
100 2 383
263 1 903
578 2 578
540 2 916
43 1 43
425 2 554
62 2 522
4 1 1
576 1 576
3 1 972
15 2 1000
248 2 536
952 2 952
7 2 964
2 2 997
558 1 93
1000 2 997
3 2 974
277 2 277
954 2 41
997 2 997
466 2 233
525 2 141
1 2 399
407 2 784
470 2 235
106 2 456
525 2 771
462 2 889
39 1 77
456 1 565
941 1 955
2 2 1
236 2 36
995 1 994
485 2 485
171 2 129
761 2 889
147 2 833
6 2 257
837 2 75
647 2 993
543 2 318
145 2 145
800 1 800
78 2 677
92 2 468
541 2 172
445 2 770
953 1 953
952 2 936
3 1 1000
752 2 752
250 2 534
940 1 235
450 2 16
686 2 409
254 2 285
140 2 891
206 1 689
983 2 198
287 2 804
70 1 379
143 1 417
250 1 577
717 1 966
133 2 773
586 1 293
747 2 155
704 2 704
678 2 351
987 2 737
673 2 151
610 1 939
366 1 568
743 1 743
68 1 179
706 1 706
494 1 33
794 1 794
337 2 117
620 2 819
478 1 149
943 1 943
942 1 942
479 2 479
149 1 129
795 2 890
372 1 635
786 1 227
997 2 1000
1 1 1000
91 2 121
379 2 379
352 2 88
553 1 553
661 2 808
880 1 919
976 1 976
622 2 622
957 2 319
535 2 366
384 2 128
798 2 536
156 2 78
798 2 480
955 1 955
217 2 217
675 2 250
399 2 501
1000 1 1
384 2 320
833 1 207
512 2 118
52 2 460
574 2 989
1000 1 1000
962 2 594
918 1 918
614 2 335
