100
1 1
540 600
840 900
2 0
900 1260
180 540
1 1
1439 1440
0 1
0 2
531 543
205 531
0 2
1285 1440
531 676
0 2
1220 1440
132 303
0 2
944 1424
1424 1440
0 2
798 1440
752 798
2 0
11 361
1080 1430
0 2
780 1355
1438 1440
2 0
179 209
795 838
0 1
1186 1440
0 2
175 307
1248 1440
1 1
0 1
1439 1440
0 2
452 549
1110 1440
0 2
95 314
500 885
2 0
746 820
820 1440
0 2
10 360
1080 1440
1 1
128 228
1198 1440
2 0
399 597
621 853
0 1
483 638
0 2
243 268
775 971
0 2
1439 1440
0 1
2 0
1033 1440
843 1033
2 0
36 196
196 499
2 0
937 1052
1428 1440
0 2
1312 1440
1004 1312
0 1
992 1440
0 2
1080 1440
11 361
1 1
445 835
835 1134
1 1
1075 1177
121 406
2 0
902 1268
307 608
2 0
63 601
1172 1183
0 2
105 143
705 835
1 0
621 670
1 0
164 677
2 0
1394 1397
1060 1394
0 2
1169 1440
1090 1169
0 2
543 560
560 972
0 2
1401 1440
1132 1401
2 0
1140 1440
1012 1140
2 0
258 302
302 397
2 0
873 1440
629 754
0 1
1310 1440
0 2
907 1440
721 907
0 2
139 369
951 1440
2 0
1161 1235
272 471
0 2
312 912
47 162
0 2
465 724
56 465
2 0
0 1
1439 1440
0 2
768 1078
1078 1440
0 2
8 123
949 1440
1 1
380 906
906 1440
0 2
782 836
1297 1440
2 0
1079 1429
0 360
2 0
1080 1430
10 360
1 0
649 1037
0 2
970 1074
1074 1293
0 2
12 201
201 630
2 0
10 360
1079 1429
0 2
180 540
540 900
2 0
22 158
1215 1440
0 2
1008 1440
995 1008
0 2
578 632
632 646
2 0
989 1198
1198 1440
2 0
641 718
1035 1440
0 2
541 901
180 540
0 2
988 1110
1110 1440
2 0
791 1245
1245 1440
0 2
798 876
895 1119
0 2
821 1138
1138 1440
2 0
0 360
1080 1430
0 2
816 1059
1059 1440
0 1
1359 1413
2 0
304 790
1247 1393
2 0
1063 1440
1039 1063
0 2
922 1202
334 761
2 0
999 1440
984 999
1 1
1394 1440
1369 1394
0 2
0 360
1080 1440
0 1
37 483
0 1
1160 1440
0 2
179 539
540 900
1 0
1284 1440
0 2
361 582
1141 1440
2 0
902 1206
1206 1236
0 2
477 720
720 1009
0 1
679 999
2 0
1029 1121
1321 1440
2 0
894 1096
1096 1440
2 0
782 1045
1045 1440
0 2
765 886
886 1319
2 0
1412 1440
839 1412
2 0
319 886
1331 1440
0 2
25 359
359 505
2 0
345 351
53 345
0 2
588 860
860 1061
2 0
1417 1440
1052 1417
2 0
1387 1440
1066 1130
2 0
364 566
566 744
