20
2
0 3 0 2 10 2 3 -2
10 3 2 3 8 7 2 0
3
2 1 0 5 10 2 4 0
0 3 0 2 7 1 1 2
3 3 0 5 1 1 2 0
2
3 2 0 2 9 2 3 0
6 1 1 4 6 3 -1 -2
6
3414 2 -25 61 326 54788 -7 61
181452 8 -10 3 6717 12710 2 -498
223505 8 -62 77 280 13242 5 595
101271 3 -16 37 8692 213187 -4 -883
265384 8 -81 89 3249 13934 -5 -37
197549 4 -3 78 2761 22851 -10 560
8
226584 1 -45 -44 479553 31325 1 -20022
101284 5 -68 -67 84148 31325 0 -9632
101284 5 -68 -67 417671 31325 0 -35338
195259 2 -68 -67 427173 31325 0 -1967
226584 1 -68 -67 499437 31325 0 44374
38634 7 -68 -67 265026 31325 0 -39335
101284 5 -68 -67 237042 31325 0 20195
7309 8 -50 -45 1000000 31325 6 100000
5
14332 5 -38 -37 8209 17372 1 35042
16551 2 -80 -79 298181 192964 0 43589
776 9 -80 -79 14977 36370 0 8580
28098 6 -36 -34 1000000 2729 3 100000
158724 2 -80 -79 460400 104217 0 -13495
10
56712 10 -62 1 459461 20575 0 -34412
30788 10 46 62 777063 17703 -2 87837
89642 10 -15 11 10638 37172 10 48760
73046 10 84 97 834440 493 9 40979
122497 10 -70 90 418524 30476 6 -28909
64364 10 -11 51 948679 8896 1 -58025
61060 10 35 95 424930 1448 -5 96104
187302 10 28 45 624330 24738 0 -39913
2900 10 -50 -3 745042 910 2 -57524
61260 10 -74 -63 849279 10069 -3 -93150
10
107548 10 11 44 659846 27782 -4 -29127
107548 10 -89 11 746298 27782 10 9720
107548 10 -100 37 204738 27782 -9 47806
107548 10 -59 52 853777 27782 -1 -64494
107548 10 -73 -23 973801 27782 -5 -79938
107548 10 14 100 431122 27782 -10 52246
107548 10 -16 67 318236 27782 0 32552
107548 10 -57 65 511372 27782 7 -54669
107548 10 -58 -38 726253 27782 2 -65414
107548 10 -65 -55 854669 27782 1 -58459
10
164141 10 -60 87 220806 7388 1 -12869
164141 10 -89 99 360933 7388 -7 46943
164141 10 43 94 958070 7388 6 -69071
164141 10 -51 69 571164 7388 2 -18358
164141 10 -95 -84 3646 7388 -3 26049
164141 10 -57 20 799380 7388 -9 -76333
164141 10 22 25 562869 7388 -1 -35099
164141 10 57 78 568376 7388 1 19207
164141 10 -67 3 926379 7388 5 8050
164141 10 -45 -18 539701 7388 1 82861
10
283757 10 -66 89 734822 5325 5 20176
191606 10 -16 28 861941 28745 4 -71781
90477 10 -64 -51 983843 17357 -5 -97257
9118 10 -80 77 387669 22263 -1 31304
262256 10 -6 10 16244 5604 -1 69581
23772 10 52 70 219229 7435 2 67160
35618 10 -50 -7 854237 28475 -8 86045
25413 10 -74 68 498122 29043 -2 32329
177925 10 -60 81 472520 31932 2 9991
40798 10 31 77 778191 16482 6 -29258
10
2349 10 -79 94 989800 3450 1 -93969
2349 10 -79 94 204531 3450 -2 77136
2349 10 -79 94 822245 3450 4 -91206
2349 10 -79 94 797715 3450 8 -54662
2349 10 -79 94 737091 3450 2 -33261
2349 10 -79 94 869757 3450 8 -40724
2349 10 -79 94 945664 3450 -1 -8918
2349 10 -79 94 125351 3450 -4 34865
2349 10 -79 94 956098 3450 1 85307
2349 10 -79 94 891474 3450 4 -94697
10
227934 8 -82 60 8542 24326 2 -807
41574 1 -54 38 5293 3186 -5 -12
22924 8 11 57 2780 24411 5 128
274096 10 62 99 3203 4955 -4 726
186190 5 -48 13 9643 42820 3 -926
93736 8 0 97 7621 51185 -5 -998
119390 4 6 84 6413 136087 7 -4
571373 3 -46 49 2117 14968 2 461
222402 8 -35 1 9811 4146 4 -832
51898 8 -48 23 4740 41257 -1 -270
6
4446 5 74 75 4437 72578 -3 735
35137 10 -80 -67 7293 10028 6 -628
12449 8 -26 72 8224 6178 8 -789
971 1 -35 -29 4319 1997 -7 984
146497 8 -83 87 7265 16037 -10 -19
2920 10 4 100 7121 3226 -3 -262
2
183647 2 -26 -7 4742 341989 -3 811
30315 2 -89 44 250 174135 9 -24
3
26135 2 -99 50 2714 86530 8 943
57161 7 -61 82 8802 39554 3 107
250741 9 1 85 4576 22256 -8 -418
3
19076 4 -42 -18 2354 170186 5 149
23944 9 -17 58 3840 6597 2 -22
85460 5 -27 39 5505 42979 -7 350
2
1585 5 -30 -8 3867 42150 5 -284
48396 7 -66 63 236 3704 2 492
7
17389 9 44 85 5891 18088 -5 -693
158678 6 -8 21 4449 33977 10 103
1172 10 -21 48 3718 2682 9 128
37629 7 -38 62 7804 19953 7 199
67686 3 -17 -3 8979 267273 9 -3
56249 2 -100 -95 6684 48841 0 750
20591 7 -96 61 984 26329 5 713
4
349325 5 -35 8 8902 1694 -2 -11
31193 2 -88 47 5854 321934 1 981
106256 4 -89 -9 164 81133 -2 906
33167 8 -77 5 7723 5243 -6 -345
8
164486 10 -8 32 6790 9812 7 402
2125 8 49 61 8525 8224 -8 853
33865 4 -17 23 6002 10223 3 -756
73001 1 -67 93 3326 6116 2 -490
238158 9 -92 45 9619 18823 10 489
38978 4 48 87 4551 67195 5 -132
10940 7 -44 88 2013 80783 0 -262
10448 5 4 48 5200 40419 -9 -125
