254
23402 3 135785089 61571030 2643876
23339 3 97561500 65522167 36916329
23270 2 99618484 51098723 49282788
23189 3 103246705 73555798 23197492
23095 3 74553657 74166417 51279921
23001 3 113254847 66759500 19985648
22915 3 74143495 66857668 58998833
22802 3 102889555 66421659 30688782
22732 3 126867316 44414824 28717856
22659 3 84945185 77538082 37516728
22572 2 98891101 73521027 27587867
22447 3 108822305 81110144 10067546
22393 3 96643315 67872402 35484278
22329 3 128801642 36272902 34925450
22262 1 78332398 77761223 43906374
22195 2 106475561 57957965 35566469
22128 3 121716371 58492371 19791253
22064 2 73900656 67233467 58865871
22002 3 87516534 80941128 31542334
21923 3 79084195 69949266 50966534
21813 3 131534888 63517645 4947462
21744 3 101132838 67249448 31617709
21666 3 72804346 64351684 62843965
21582 3 73984602 69880387 56135006
21496 2 94163044 57900095 47936857
21359 1 117037024 50353857 32609113
21298 1 76735689 70748249 52516057
21222 3 81955656 75022580 43021759
21146 2 103429595 52129597 44440803
21078 3 77827429 76565797 45606770
20983 1 79206773 72799947 47993274
20916 3 70171183 68554622 61274191
20838 2 123770078 53020257 23209659
20732 2 118371587 68913629 12714780
20661 3 104747470 67766146 27486379
20591 3 97815420 64246756 37937820
20504 3 78501199 66000123 55498673
20442 3 113307894 59122395 27569706
20375 3 81042691 66990531 51966772
20292 3 86571584 60960144 52468267
20206 3 113346353 70385177 16268465
20107 3 99941448 60710175 39348373
20029 3 83566263 72680182 43753549
19854 3 97658201 26246060 17790859
19766 3 127110386 38393707 34495902
19674 3 136548975 32389361 31061659
19600 2 91888574 56575614 51535807
19523 3 113445862 64493945 22060188
19449 3 96873644 66077357 37048994
19377 1 103333878 62989919 33676198
19311 2 122720603 40757956 36521436
19194 1 101936120 58998445 39065430
19112 1 75177270 72623444 52199281
19019 1 133665236 33644083 32690676
18950 3 109023977 61310280 29665738
18868 3 80013784 72286368 47699844
18783 3 91284592 72812990 35902413
18678 1 104563023 73506996 21929976
18598 3 76904554 68651917 54443524
18517 3 92009834 72144461 35845699
18446 3 74025017 72613743 53361235
18354 3 98991339 56942070 44066586
18272 3 90547934 70099979 39352082
18104 1 90131993 44598081 40148018
18022 3 81344209 61926834 56728951
17922 2 114094763 45612832 40292400
17851 3 127876872 36210808 35912315
17726 3 140751637 38074489 21173869
17640 3 96415075 71653950 31930970
17538 2 157563882 21699555 20736559
17457 3 74765882 74699719 50534393
17375 3 96643315 60174182 43182498
17293 2 83281810 59686518 57031667
17225 3 96643315 55356910 47999770
17152 3 112375742 45728612 41895641
17064 3 89180373 80457232 30362389
16975 3 96616424 72887226 30496345
16901 1 73252906 64509386 62237703
16822 2 81192919 67362013 51445064
16733 1 78901822 66549316 54548857
16667 2 79144860 77909120 42946015
16576 1 72049552 69705702 58244740
16513 3 99276130 55327336 45396529
16433 3 99755385 67132039 33112571
16332 3 125950763 46118395 27930837
16231 3 118165883 44174709 37659403
16126 2 85908640 60432938 53658416
16049 3 80520513 64746187 54733295
15937 2 139521427 49074799 11403769
15865 1 82364040 70581101 47054854
15793 3 115079214 47907101 37013681
15724 3 98039988 61693680 40266327
15643 3 117097023 44218044 38684928
15540 2 130100925 43647267 26251803
15386 3 97134315 71391162 31474518
15220 2 43344306 20183421 4599580
15114 3 73557443 70505281 55937271
15031 3 84239052 75296128 40464815
14906 2 100289934 51616261 48093800
14834 2 101284635 57195897 41519464
14756 2 78388937 64049536 57561522
14694 3 119736379 42796087 37467528
14631 3 83278453 75958138 40763404
14550 2 98955659 52578925 48465412
14492 2 88758203 66899813 44341979
14427 2 89730422 63012815 47256758
14343 1 87246082 73652295 39101618
14274 3 79683777 75749902 44566317
14205 1 72232157 72099898 55667940
14140 3 113093395 56565210 30341391
14069 2 72285643 67238370 60475982
14004 3 91121536 62214577 46663881
13944 1 77873326 62559899 59566770
13894 3 95113827 53936958 50949209
13836 2 77228583 68501505 54269907
13771 2 78849686 63694880 57455429
13697 2 82226017 69729767 48044211
13602 1 105292280 68171747 26535968
13530 2 89084036 60868635 50047324
13459 3 119390817 47498859 33110319
13370 3 83625425 71119244 45255326
13283 2 108598489 68448353 22953154
13165 2 119093463 80906531 0
13082 2 94233239 82480823 23285933
13013 3 115431879 59042953 25525163
12938 2 96550006 60795054 42654935
12872 3 95814060 71858148 32327787
12789 3 93711461 83839655 22448878
12699 2 77243287 62189546 60567162
12631 3 106808975 70566763 22624256
12557 3 94018042 68780149 37201804
12462 2 99456144 63868929 36674923
12398 1 82369553 68861306 48769136
12321 3 99969447 66310566 33719982
12265 3 122145886 49264437 28589671
12200 3 110425941 61987788 27586266
12127 3 82553485 82018267 35428243
12059 1 70223983 66360023 63415989
12001 3 90980785 63044459 45974751
11925 3 88362787 56607599 55029609
11857 3 83910816 71620990 44468189
11775 3 96078800 75653172 28268024
11704 2 79601918 63138484 57259593
11618 1 81629123 61750860 56620013
11558 3 84987517 66230790 48781688
11466 2 102942074 55336563 41721357
11405 1 77350438 75362501 47287056
11330 3 81384554 70256349 48359091
11267 3 104545990 69618178 25835828
11175 2 100248011 73256920 26495064
11085 3 82710175 66978948 50310872
11009 3 94907964 63352040 41739991
10950 3 97427704 59150090 43422201
10877 3 77251205 74776133 47972657
10810 3 81837298 61772835 56389862
10732 3 75553608 73551203 50895184
10526 3 104470033 56121196 39408767
10444 3 94615263 81338984 24045749
10383 3 86143849 68563813 45292333
10287 2 105945437 59093787 34960770
10184 2 116050066 61097789 22852140
10127 3 116331188 55663645 28005161
10037 2 111468796 54991533 33539667
9959 3 90870873 59658986 49470136
9886 3 102885378 57185029 39929588
9814 2 85444400 81844838 32710757
9741 2 108422465 46044492 45533039
9653 3 104753288 53242312 42004395
9587 3 99127506 70702723 30169766
9497 2 165841961 19848856 14309179
9411 3 87748812 81431559 30819624
9308 2 79975410 78703897 41320687
9252 1 69636229 65669580 64694186
9172 3 95457400 61023144 43519451
9105 3 99987452 70714913 29297630
9036 2 86747336 61022924 52229734
8959 3 97102761 58148677 44748558
8862 2 82122955 65996996 51880045
8788 3 121728406 47786603 30484985
8693 3 85190973 75436668 39372355
8601 3 89389577 72320985 38289433
8526 3 100338144 67523206 32138644
8407 3 92605634 55142448 52251912
8321 3 112414783 54004342 33580869
8212 3 90527607 54866480 54605908
8150 3 131980145 36188171 31831679
8060 3 128134718 46181579 25683699
7976 3 87003618 82343022 30653354
7892 2 76823476 64676343 58500175
7825 3 74071676 71338186 54590133
7743 3 105864536 75189739 18945721
7685 1 73802284 63660460 62537251
7595 3 104147198 56642099 39210698
7515 3 91550816 59176147 49273032
7428 2 87127369 76836553 36036074
7326 2 103801159 58439870 37758966
7232 2 76140911 69686189 54172895
7163 3 101491175 55123034 43385787
7064 2 113841096 48386878 37772021
6927 2 119043394 56835693 24120907
6782 3 162167647 21009029 16823320
6617 3 15556923 11581524 0
6526 2 102740621 60886734 36372640
6437 3 74633386 64121174 61245436
6362 1 79652431 64442370 55905194
6161 1 91926313 58300585 49773097
5069 2 77089122 50601688 48418038
4552 3 118529318 81470677 0
4491 1 78712372 62870952 58416672
4374 2 115178377 72410998 12410621
4283 2 93939531 68156796 37903668
4196 3 82921683 63048683 54029629
4028 3 90629057 80177176 29193763
3930 3 102743562 78781033 18475399
3849 3 91211919 69025195 39762881
3591 3 102193534 66077894 31728567
3374 3 90698444 73811266 35490284
3306 3 98224763 97311462 4463769
3038 3 155951648 44048347 0
2901 1 93876082 67141273 38982640
2845 2 104498683 59434661 36066651
2770 3 80303908 64479208 55216879
2692 3 72872312 72051762 55075921
2602 2 104062090 60627395 35310510
2540 3 102655956 72657330 24686709
2335 3 102915738 97084258 0
2242 2 110021924 89978070 0
2170 2 130193055 42701217 27105722
2099 2 94877935 69600442 35521619
2028 1 97512599 78597335 23890062
1946 3 119298459 79948948 752588
1873 3 105924191 59122024 34953779
1813 1 80577148 74738261 44684587
1746 3 107439857 49895816 42664323
1683 2 75318420 65881659 58799917
1596 1 97823095 55432854 46744046
1515 2 106634020 64469691 28896283
1469 3 108700924 50104279 41194791
1391 1 91845114 60084249 48070632
1297 1 87902719 79657051 32440225
1252 3 84232201 75037871 40729923
1173 1 85518513 64626149 49855333
1088 3 89612179 79984785 30403031
1007 3 108074260 53065239 38860497
950 3 77657687 74374000 47968307
875 1 80135658 72109218 47755120
842 3 81400657 62958271 55641067
788 3 95260012 64936167 39803816
634 3 116638164 69413105 13948726
506 3 98815515 96961454 4223025
328 3 142185443 56757768 1056784
206 1 88439183 62196501 2251063
150 3 76091784 0 0
120 2 100618995 78968757 20412244
