100
68 20 562133117
437160766 527486767 561050450 561433990 561900686 562075064 562104643 562116976 562119555 562121082 562130789 562131050 562131729 562132509 562133003 562133068 562133101 562133112 562133116 562133117
30 18 717291496
228943773 273466722 520519550 573455722 707666398 711221226 711868647 712145779 714561567 717071630 717163242 717281160 717290946 717291137 717291492 717291494 717291495 717291496
16 6 266761937
26 442 7531 128034 2176610 37002300
9 5 3311858
92 907 8993 89972 899693
1 1 7
1
2 1 3
3
1 1 1000000000
10000
1 2 27
3 7
13 15 304352126
63734041 273053964 302670871 303493565 304235765 304299626 304310111 304320813 304337012 304337253 304344547 304351637 304351766 304352024 304352107
4 10 39285204
4 82 377 1865 9403 46966 234806 1174033 5870223 29351103
8 8 726596736
50 463 4106 37048 333346 3000190 27001713 243015343
75 4 634865215
100 7561 574658 43674015
57 10 695270390
664128628 679492253 681935662 685716179 694177566 695017466 695245300 695269791 695269991 695270348
32 13 316978180
211682660 264393754 293654061 302494049 315558220 316927635 316948480 316976116 316976217 316976691 316977978 316978169 316978180
2 4 64
1 2 7 63
74 24 906953286
402852264 831472029 859722752 868265651 875719443 905068039 906692881 906721865 906744134 906868874 906899868 906950699 906951882 906952589 906952755 906952847 906953204 906953235 906953240 906953242 906953280 906953283 906953285 906953286
16 14 723900136
706084505 711596338 721364417 722047148 722457317 723731310 723834245 723861731 723861854 723898587 723899585 723899969 723900077 723900100
68 20 554922713
63420653 360992580 458925209 525935127 535471352 547455187 547670824 550740298 552335469 553273029 554445018 554703888 554919632 554920548 554921507 554922395 554922517 554922587 554922631 554922712
59 21 134701851
21702240 132988463 133102115 134064558 134589256 134627170 134676703 134690437 134696137 134696390 134697284 134699445 134701364 134701475 134701478 134701637 134701811 134701815 134701848 134701850 134701851
33 18 844276165
113088720 726339829 731482768 740207033 833122613 839975688 841238944 842811914 842956405 843347582 843751290 843788743 843965017 844275039 844275824 844276160 844276162 844276164
32 5 914917989
78 2574 84894 2801533 92450588
10 6 47442906
44 448 4954 54471 599211 6591316
5 8 47888781
91 517 3045 18328 109991 659925 3959526 23757192
99 3 29022544
70 6935 693547
4 9 57797039
56 314 1504 7547 37719 188563 942867 4714285 23571508
3 19 159584353
132623410 150877346 152441822 153110613 157912820 158478928 158630745 159489619 159524556 159565538 159580852 159580896 159582114 159583022 159583996 159584091 159584169 159584237 159584350
50 18 265228389
100980985 130627232 159573149 257707858 262126153 262935079 265109550 265162430 265176074 265217680 265218471 265225448 265226252 265227071 265227694 265228306 265228363 265228379
10 6 58868273
54 541 6039 66341 729833 8028113
85 17 436644106
297997424 315681533 366611249 412976890 421975179 435362212 436160085 436431287 436549898 436552818 436580878 436594774 436642531 436643647 436643792 436644070 436644095
3 19 502741923
193692274 372616193 475029704 492370464 493250063 499237237 502578536 502583486 502658111 502677610 502708149 502726797 502735675 502737867 502739796 502740755 502741676 502741776 502741918
87 21 424464909
72338058 172410037 187882554 399270417 418307860 420086838 422242880 422251861 422285285 422526883 424206511 424352958 424458292 424459029 424462938 424463920 424464519 424464638 424464903 424464907 424464909
2 12 19007982
72 149 540 1604 4791 14378 43141 129372 388159 1164456 3493338 10480080
43 5 743224453
43 1897 83468 3672560 161592708
23 4 2143019
6 181 4388 105247
62 4 466898362
33 2058 129678 8169688
10 7 379311910
21 211 2382 26207 288285 3171119 34882331
63 15 254243420
52020082 242066361 248722167 250012036 251181529 252101842 254098066 254200593 254222419 254236730 254242254 254242626 254242947 254243356 254243401
84 4 94143048
56 4750 403742 34318057
5 8 36306695
45 294 1716 10283 61719 370380 2222254 13333487
75 4 72017236
31 2330 177161 13464201
10 6 72203162
100 1037 11436 125756 1383331 15216641
1 1 30
30
47 5 620612741
21 1001 48056 2306759 110724393
36 27 393352240
252898257 291435701 299950285 334485724 335743381 336588570 372481861 379315846 383381181 392413976 392628448 392636472 393253371 393257868 393274538 393297374 393336440 393341690 393343417 393347099 393351046 393351289 393351610 393352222 393352233 393352238 393352240
49 19 559893729
373034635 516012717 534642067 548135947 556196570 556941420 557432565 557493392 557642386 558415741 558698060 559051820 559818148 559849220 559865649 559879989 559893498 559893639 559893724
45 20 347447646
102824198 321000968 323933898 346126363 346352904 346967606 347020600 347273519 347295440 347360280 347399498 347412226 347445749 347445852 347446146 347446867 347447390 347447607 347447610 347447646
1 5 100
3 6 12 25 51
1 5 5
1 2 3 4 5
18 6 28272896
3 89 1661 31642 601173 11422230
31 18 334078071
114129754 200020243 285761780 320535311 331804366 332017127 333438361 333567178 333692572 333713675 333861864 334072472 334073677 334074104 334075102 334075306 334075979 334078059
93 22 480348024
123385444 439312026 472239419 477682363 477998991 480201988 480263922 480269933 480285104 480305243 480306343 480331799 480338100 480344798 480345936 480347230 480347812 480347894 480347951 480347970 480348022 480348024
95 4 48683358
9 898 86261 8280964
22 27 840135799
489705774 515463483 572900306 699676507 727122057 785350197 803310059 821940734 830890611 836594288 838231768 839665427 840020473 840106338 840111295 840121490 840135340 840135534 840135591 840135629 840135733 840135747 840135781 840135788 840135791 840135797 840135799
70 4 75236313
52 3722 264224 18759878
89 18 335014916
142528940 222828492 246336540 276415276 308842369 331206172 334473716 334821133 334968746 334975213 335004854 335009785 335012086 335012219 335014777 335014880 335014905 335014916
60 20 855406633
15678316 831885037 852458537 853238286 853588726 855143852 855294661 855360009 855373792 855391717 855396489 855397265 855402533 855406111 855406429 855406579 855406610 855406614 855406632 855406633
7 20 965136451
497981226 936212453 944283759 951078168 960363500 962599416 964996771 965004657 965059984 965089384 965111361 965125360 965131951 965133891 965134757 965135904 965136030 965136214 965136342 965136408
1 5 30
1 2 4 8 15
7 6 3254229
39 296 2401 19229 153785 1230266
1 3 6
1 2 5
71 5 717499354
25 1777 128011 9216774 663607719
54 17 657804687
78024567 647191889 647344977 655585869 656330209 656753436 656980476 657130744 657803052 657803505 657803717 657803842 657804258 657804361 657804532 657804605 657804677
72 18 294445178
8008203 176606119 210022913 233990960 256094660 275163899 279615591 293310814 293503643 293623719 294414275 294426911 294436567 294436870 294444869 294445084 294445143 294445178
1 4 16
1 2 4 8
57 18 782046001
47028298 289491392 588523803 634329627 742356022 765059915 778282005 780577949 781636902 781748375 781794646 781944970 782044544 782045876 782045968 782045981 782045983 782046001
6 8 49968507
11 147 973 6841 47889 335231 2346603 16426221
80 4 68599263
14 1161 94044 7617603
32 17 290778044
136976000 145145369 151930241 268791934 284207285 287153228 289477749 290194767 290724418 290728242 290730191 290753156 290765598 290770452 290772685 290777667 290778015
100 100 1000000000
999999901 999999902 999999903 999999904 999999905 999999906 999999907 999999908 999999909 999999910 999999911 999999912 999999913 999999914 999999915 999999916 999999917 999999918 999999919 999999920 999999921 999999922 999999923 999999924 999999925 999999926 999999927 999999928 999999929 999999930 999999931 999999932 999999933 999999934 999999935 999999936 999999937 999999938 999999939 999999940 999999941 999999942 999999943 999999944 999999945 999999946 999999947 999999948 999999949 999999950 999999951 999999952 999999953 999999954 999999955 999999956 999999957 999999958 999999959 999999960 999999961 999999962 999999963 999999964 999999965 999999966 999999967 999999968 999999969 999999970 999999971 999999972 999999973 999999974 999999975 999999976 999999977 999999978 999999979 999999980 999999981 999999982 999999983 999999984 999999985 999999986 999999987 999999988 999999989 999999990 999999991 999999992 999999993 999999994 999999995 999999996 999999997 999999998 999999999 1000000000
52 21 209850144
136465314 169452063 172831502 206396505 208133387 208428232 208554342 209678691 209794396 209828552 209830919 209834025 209841931 209843205 209844256 209844582 209848885 209850107 209850121 209850132 209850143
5 10 746915572
9 103 616 3654 21949 131734 790418 4742476 28454843 170729081
60 4 204085606
56 3362 205138 12513380
5 9 127074661
40 253 1483 8963 53773 322596 1935640 11613787 69682742
62 4 164187575
84 5230 329516 20759470
9 7 754304269
95 934 9300 93057 930544 9305439 93054377
31 14 436574060
165121966 393662317 413670851 418640956 435908582 436240810 436452914 436559102 436562399 436571270 436573848 436574048 436574059 436574060
1 2 18
4 9
13 25 392645988
183827753 185852350 325076693 333186343 371972065 386694592 390180879 391337455 391520950 392540170 392597323 392623767 392628801 392640662 392642072 392642917 392644208 392645853 392645863 392645949 392645961 392645968 392645983 392645985 392645988
99 5 399866396
2 219 21953 2195313 219531223
8 10 357395415
205423998 261511690 344726240 355933769 356064922 357104578 357287016 357335213 357392400 357395401
79 4 98006564
38 3023 241899 19351851
25 15 392327218
11734732 194369928 281949344 357552758 387017891 391404744 392003718 392103936 392168034 392214278 392263021 392324944 392326101 392327210 392327217
4 17 478412093
442812856 466329163 476303461 478404529 478406412 478407556 478408821 478411944 478412012 478412032 478412044 478412059 478412061 478412088 478412089 478412092 478412093
17 15 224829654
98300193 195501279 218413499 219940381 221748895 224416482 224744211 224793645 224817321 224825402 224828217 224828873 224829097 224829580 224829648
13 24 296839242
13380308 105761222 284233441 294987115 295115580 295939184 295970290 296736771 296780825 296783084 296789838 296801467 296814596 296831547 296834229 296836206 296838789 296839139 296839188 296839197 296839215 296839218 296839240 296839242
9 7 303625841
95 870 8702 87048 870462 8704617 87046199
1 1 2
1
40 15 412321444
252835718 411927270 411940437 412009036 412266763 412288016 412309286 412310461 412312435 412312949 412316482 412316660 412319246 412321145 412321428
25 15 437507222
430967850 433241607 435660420 437464894 437471713 437491618 437498037 437504874 437506699 437506785 437507149 437507171 437507204 437507218 437507222
8 8 518328807
90 785 7018 63243 569115 5122094 46098847 414889541
1 5 16
1 2 4 8 16
9 7 213079393
34 330 3358 33510 335157 3351508 33515129
1 2 3
1 2
1 6 100
1 5 10 25 50 100
97 18 896781828
90375430 664459013 857145521 891886552 893117254 893272371 894781625 895751257 896197202 896232817 896462328 896585315 896699024 896777270 896779357 896780565 896781679 896781773
58 17 638762188
485839759 506024768 598581592 598806485 605363662 627245589 631118897 633155069 637992201 638215651 638404463 638558671 638736228 638760883 638761825 638761973 638762160
7 8 647285164
90 679 5473 43714 349716 2797784 22382271 179058167
53 22 106637660
31397267 66386274 74872437 87645741 106492725 106535449 106565110 106611200 106623953 106628913 106632066 106636488 106636682 106636926 106637418 106637447 106637500 106637563 106637584 106637604 106637658 106637660
9 8 697586851
64 619 6226 62271 622662 6226609 62266108 622661052
1 1 1000000000
1000000
