100
1 1 30
4
1 4 23
18 21 22 23
1 1 21
5
1 3 15
3 7 11
1 2 29
4 24
1 1 10
8
1 1 2
1
1 1 28
25
1 1 24
4
1 3 8
5 7 8
1 2 20
16 20
1 3 15
2 7 11
1 2 17
4 17
1 2 26
12 26
1 3 17
3 7 11
1 2 3
1 3
1 1 1
1
1 2 29
2 3
1 1 23
23
1 2 3
1 2
1 1 4
4
1 2 27
3 7
1 2 8
4 7
1 1 21
20
1 3 23
10 17 23
1 2 18
4 9
1 5 16
1 2 4 8 16
1 2 24
7 12
1 4 16
1 2 4 8
1 3 19
13 17 19
1 2 15
14 15
1 2 24
13 24
1 1 21
2
1 2 26
17 25
1 2 28
5 10
1 2 30
23 30
1 2 25
3 24
1 1 13
1
1 3 26
11 22 25
1 2 24
14 24
1 1 9
3
1 1 28
3
1 4 29
5 9 22 25
1 1 21
17
1 1 24
6
1 1 11
11
1 3 20
1 4 7
1 1 19
6
1 5 30
1 2 4 8 15
1 2 20
1 20
1 1 25
25
1 2 27
24 27
1 1 8
8
1 2 9
4 5
1 1 1
1
1 1 30
30
1 2 7
2 7
1 4 18
1 4 10 16
1 4 30
3 23 25 26
1 3 21
8 13 19
1 1 17
3
1 1 20
1
1 1 7
5
1 4 15
4 11 14 15
1 2 27
1 4
1 1 2
1
1 2 27
24 26
1 3 23
4 9 15
1 4 29
1 4 10 17
1 3 30
2 3 8
1 1 3
3
1 2 7
5 7
1 1 20
1
1 3 28
5 8 16
1 1 28
24
1 4 29
2 7 10 20
1 3 6
1 2 5
1 2 6
2 6
1 1 1
1
1 2 26
21 23
1 3 28
5 9 15
1 3 24
1 5 7
1 3 26
5 8 26
1 3 14
3 5 11
1 2 23
12 23
1 1 7
1
1 1 30
1
1 1 28
2
1 1 19
3
1 1 1
1
1 5 25
18 19 22 24 25
1 3 19
3 7 15
1 1 21
2
1 1 24
24
1 5 5
1 2 3 4 5
1 2 15
1 3
1 1 1
1
1 3 16
4 8 14
1 4 29
4 7 12 27
1 1 6
4
