20
53 62
00000011100000000000000010000001100110010000001000001
7 18 0 0
19 47 6792 0
34 35 0 0
51 7 0 0
10 53 0 0
44 41 5094 0
42 21 0 0
17 48 0 0
35 52 2830 2830
29 41 0 3396
27 32 0 0
39 28 0 0
37 17 0 0
49 50 0 0
20 15 0 0
31 30 0 0
32 41 0 0
23 38 0 0
43 52 0 0
9 40 0 0
28 46 0 0
53 43 0 0
36 16 0 0
16 8 0 0
12 22 0 0
26 44 0 0
21 27 0 0
37 29 0 0
8 51 0 0
51 48 0 4528
50 13 0 0
3 26 0 0
44 19 0 0
26 10 1132 5094
52 24 0 0
22 37 0 0
24 20 0 0
1 34 0 0
41 14 0 0
35 5 0 0
2 6 0 0
25 12 0 0
11 10 0 0
19 36 0 0
13 26 5660 0
36 16 22000 25
46 49 0 0
30 1 0 0
13 31 0 0
38 29 0 0
29 4 0 0
48 23 0 0
45 33 0 0
6 11 0 0
33 2 0 0
5 39 0 0
18 3 0 0
15 45 0 0
40 42 0 0
47 9 0 0
4 25 0 0
14 47 0 0
83 85
01111101101110110011111100011111111011111011101101111110110111111111111101100111101
13 13 0 0
33 33 0 0
44 44 0 0
19 63 0 0
64 30 0 0
13 58 17710 27108
5 19 0 0
65 32 0 0
47 47 0 0
9 81 0 0
6 6 0 0
29 29 0 0
39 39 0 0
69 69 0 0
3 3 0 0
70 70 0 0
50 40 0 0
8 8 0 0
7 7 0 0
56 78 0 0
82 82 0 0
81 9 0 0
2 2 0 0
43 26 0 0
76 24 0 0
42 36 0 0
52 52 0 0
18 18 0 0
12 12 0 0
48 57 0 0
14 14 0 0
75 75 0 0
74 74 0 0
28 28 0 0
23 56 0 0
36 42 0 0
73 73 0 0
32 65 0 0
49 11 0 0
15 17 0 0
53 53 0 0
80 80 0 0
63 5 0 0
1 1 0 0
20 20 0 0
79 79 0 0
61 61 0 0
60 60 0 0
51 51 0 0
25 25 0 0
35 35 0 0
31 31 0 0
40 50 0 0
83 83 0 0
62 62 0 0
72 72 0 0
57 48 0 0
41 10 0 0
1 83 30000 30000
21 21 0 0
54 77 0 0
77 54 0 0
67 22 0 0
68 68 0 0
46 46 0 0
27 27 0 0
78 23 0 0
11 49 0 0
71 38 0 0
30 64 0 0
58 58 0 0
4 4 0 0
55 55 0 0
10 41 0 0
16 16 0 0
45 45 0 0
22 67 0 0
17 15 0 0
59 59 0 0
38 71 0 0
37 37 0 0
26 43 0 0
66 66 0 0
34 34 0 0
24 76 0 0
58 84
1000011000000010000001000001110100110001000010100000000000
13 18 0 0
33 33 0 0
16 20 1034 0
29 55 9310 6206
22 22 0 0
40 57 0 0
35 35 0 0
42 41 0 0
36 17 0 0
53 7 0 0
1 41 8793 11896
11 11 0 0
54 11 0 2068
20 46 0 0
47 10 0 0
24 9 0 0
39 28 5689 15517
48 48 0 0
41 42 0 0
10 51 0 0
4 4 0 0
6 30 0 0
2 50 0 0
31 17 15517 5689
55 37 0 0
23 15 0 0
49 2 0 0
9 24 0 0
57 34 0 0
58 19 0 0
1 19 23793 24827
30 38 0 0
34 40 0 0
51 47 0 0
26 6 21206 11379
26 12 0 0
12 12 0 0
23 58 8793 12413
44 52 0 0
52 44 0 0
39 17 12413 15517
46 20 0 0
28 28 0 0
18 13 0 0
5 58 20172 22758
8 17 13448 6724
8 8 0 0
1 1 0 0
17 36 0 0
25 43 0 0
29 36 9310 1551
43 25 0 0
21 21 0 0
19 58 0 0
31 31 0 0
56 56 0 0
25 6 12413 13965
11 11 0 0
22 56 1551 517
3 4 0 0
38 6 0 0
4 3 0 0
14 14 0 0
37 55 0 0
20 46 0 0
27 29 0 0
32 40 0 2586
29 27 0 0
54 54 0 0
5 5 0 0
16 16 0 0
20 20 0 0
39 39 0 0
8 58 6206 16034
53 50 12413 12413
35 16 10862 6724
15 23 0 0
12 26 0 0
45 53 0 0
32 49 0 0
45 27 12931 14482
7 45 0 0
50 32 0 0
37 36 0 0
51 77
010000001000000000010111001010110010010000000000000
48 48 0 0
44 29 0 0
43 21 0 0
25 17 25294 26470
36 36 0 0
34 7 0 0
9 9 0 0
26 26 0 0
13 12 0 0
47 47 0 0
20 20 0 0
47 28 10588 9411
10 51 0 0
38 38 0 0
24 46 0 0
22 22 0 0
25 25 0 0
16 16 0 0
48 45 0 10000
27 27 0 0
28 51 9411 0
41 39 0 0
42 42 0 0
49 41 4705 588
49 49 0 0
50 50 0 0
19 30 0 0
32 32 0 0
39 41 0 0
31 31 0 0
1 25 3529 588
1 1 0 0
48 46 2941 0
8 28 0 0
7 18 0 0
50 50 0 0
16 50 588 3529
46 24 0 0
25 29 22941 30000
33 33 20465 29847
4 23 0 0
17 17 0 0
3 3 0 0
19 30 0 0
30 19 0 0
34 34 0 0
33 33 22845 17994
17 8 7647 2941
25 37 30000 30000
6 11 0 0
51 10 0 0
1 32 30000 30000
48 49 14117 17058
29 44 0 0
2 2 0 0
5 4 0 0
21 40 0 0
18 34 0 0
50 31 7058 0
14 14 0 0
28 8 0 0
15 15 0 0
45 45 0 0
31 47 4705 4117
11 6 0 0
20 20 0 0
12 13 0 0
42 42 0 0
37 37 0 0
49 50 0 0
25 49 13529 15882
49 16 5882 0
26 19 1176 4705
20 51 5294 3529
23 5 0 0
35 35 0 0
40 43 0 0
97 98
1001010001001010111101001000100001000000001000000011000000110000101000000100000001100001000100010
24 24 0 0
75 12 0 0
12 51 0 0
2 2 0 0
84 84 0 0
92 92 0 0
43 43 0 0
85 85 0 0
41 41 0 0
66 32 0 0
40 40 0 0
72 72 0 0
82 82 0 0
49 49 0 0
6 6 0 0
20 20 0 0
61 61 0 0
58 91 0 0
18 34 0 0
28 83 0 0
4 4 0 0
32 66 0 0
94 94 0 0
73 73 0 0
97 97 0 0
52 52 0 0
60 86 0 0
59 59 0 0
54 54 0 0
3 29 0 0
51 75 0 0
78 78 0 0
48 48 0 0
65 65 0 0
53 27 0 0
46 46 0 0
27 53 0 0
9 9 0 0
8 36 0 0
21 21 0 0
83 35 0 0
23 23 0 0
5 5 0 0
95 95 0 0
69 69 0 0
7 7 0 0
45 45 0 0
1 1 0 0
50 28 0 0
16 16 0 0
26 22 0 0
37 37 0 0
91 58 0 0
57 25 0 0
13 62 0 0
64 60 0 0
63 63 0 0
76 76 0 0
19 19 0 0
10 10 0 0
71 71 0 0
79 88 0 0
87 87 0 0
86 64 0 0
22 26 0 0
17 17 0 0
55 55 0 0
38 38 0 0
74 74 0 0
77 77 0 0
30 30 0 0
90 90 0 0
88 79 0 0
89 89 0 0
25 57 0 0
36 8 0 0
96 96 0 0
80 14 0 0
81 81 0 0
47 47 0 0
56 56 0 0
70 70 0 0
11 11 0 0
15 15 0 0
44 44 0 0
35 50 0 0
34 18 0 0
62 13 0 0
31 67 0 0
93 93 0 0
67 31 0 0
29 3 0 0
42 42 26061 24987
33 33 0 0
1 97 30000 30000
39 39 0 0
14 80 0 0
68 68 0 0
95 97
00011011000000110100000011011000101011000001001011000001000001000110000100101000010010000000000
75 27 0 0
71 4 0 0
66 43 0 0
3 50 0 0
15 16 0 0
80 84 0 0
40 76 0 0
92 86 0 0
41 77 0 0
73 73 0 0
43 66 0 0
60 5 0 0
88 10 0 0
65 65 0 0
2 2 0 0
63 6 0 0
46 11 0 0
91 52 0 0
29 80 0 0
59 42 0 0
85 85 0 0
20 47 0 0
4 71 0 0
48 48 0 0
68 62 0 0
7 58 0 0
57 57 0 0
52 91 0 0
14 13 0 0
30 61 0 0
50 94 0 0
5 60 0 0
77 95 16736 18315
94 76 2526 4105
16 54 0 0
67 67 0 0
33 33 0 0
87 63 0 0
21 46 0 0
58 38 0 0
72 72 0 0
70 64 0 0
82 32 0 0
90 90 0 0
53 20 0 0
25 45 0 0
18 28 0 0
69 68 0 0
49 12 0 0
62 69 0 0
38 7 0 0
44 93 0 0
89 89 0 0
34 25 0 0
51 51 0 0
28 18 0 0
74 74 0 0
79 75 0 0
12 49 0 0
9 9 0 0
77 1 0 0
86 92 0 0
1 41 0 0
47 53 0 0
56 70 0 0
93 22 0 0
76 24 0 0
19 19 0 0
45 83 0 0
64 56 0 0
17 17 0 0
61 30 0 0
27 79 0 0
6 87 0 0
8 8 0 0
54 15 0 0
23 23 0 0
78 78 0 0
55 55 0 0
24 40 0 0
84 81 0 0
13 14 0 0
42 59 0 0
95 95 0 0
22 44 0 0
36 37 0 0
32 82 0 0
37 35 0 0
35 36 0 0
81 29 0 0
26 26 0 0
94 3 0 0
39 39 0 0
10 88 0 0
31 31 0 0
83 34 0 0
11 21 0 0
90 95
000011000000111000110101010001000000000110000100000000011000000001010100011001000000110000
82 17 0 0
8 40 0 0
52 73 0 0
12 12 0 0
57 57 0 0
16 16 0 0
90 67 0 0
48 29 0 0
34 63 0 0
62 41 0 0
70 49 0 0
58 69 0 0
63 34 0 0
41 22 0 0
15 10 0 0
21 13 0 0
14 2 0 0
51 51 0 0
28 42 0 0
19 39 0 0
1 19 0 0
27 8 0 0
23 23 0 0
69 77 0 0
3 60 0 0
2 28 0 0
5 59 0 0
80 80 0 0
76 54 0 0
60 72 0 0
18 18 0 0
55 55 0 0
87 43 0 0
75 75 0 0
65 65 0 0
11 52 0 0
77 58 0 0
88 88 0 0
43 87 0 0
3 5 10333 3333
73 86 0 0
1 3 21333 17000
42 24 0 0
24 14 0 0
25 55 9333 1333
9 44 0 0
72 89 0 0
22 62 0 0
84 84 0 0
29 48 0 0
64 64 0 0
83 46 0 0
17 82 0 0
59 90 0 0
7 76 0 0
33 20 0 0
85 71 0 0
67 5 0 0
4 47 0 0
36 36 0 0
30 30 0 0
78 81 0 0
46 83 0 0
79 70 0 0
6 21 0 0
71 85 0 0
86 11 0 0
36 74 19666 12333
40 27 0 0
54 7 0 0
26 37 16666 7000
53 53 0 0
31 31 0 0
39 56 0 0
89 3 0 0
56 1 0 0
50 61 0 0
13 6 0 0
74 74 0 0
10 15 0 0
81 78 0 0
66 66 0 0
25 25 0 0
35 32 0 0
38 38 0 0
47 4 0 0
68 68 0 0
32 35 0 0
20 33 0 0
37 37 0 0
26 26 0 0
45 45 0 0
44 9 0 0
61 50 0 0
49 79 0 0
30 61
101100000000000001101100001011
11 22 0 0
18 28 0 0
4 29 11000 6000
20 26 5000 0
4 4 0 0
27 30 21000 22000
8 20 7000 5000
8 8 0 0
1 5 17000 15000
23 30 28000 29000
3 19 0 0
16 2 10000 22000
9 6 0 0
8 2 0 0
4 4 0 0
10 17 0 0
28 18 0 0
19 3 0 0
6 9 0 0
2 2 0 0
16 16 0 0
13 20 11000 8000
11 15 15000 3000
16 7 0 0
15 25 8000 4000
1 23 0 0
21 30 0 2000
24 20 0 0
13 13 0 0
5 24 0 0
15 15 0 0
30 30 0 0
15 8 2000 1000
29 14 0 0
22 27 0 0
27 11 0 0
21 26 0 0
1 27 7000 8000
17 10 0 0
7 16 0 0
26 21 0 0
9 10 7000 0
14 29 0 0
1 1 0 0
21 21 0 0
12 12 0 0
6 9 0 0
23 1 0 0
15 15 0 0
30 30 0 0
3 25 8000 15000
25 25 0 0
19 18 21000 9000
11 27 27738 18553
23 2 15000 25000
10 17 0 0
26 21 0 0
20 5 0 0
21 28 6000 0
7 17 3000 6000
22 30 18000 24000
60 72
111111111111111101111111101110011100100111110111111111011100
28 13 0 0
59 59 0 0
52 33 0 0
50 50 0 0
42 42 0 0
4 44 25000 30000
38 38 0 0
19 3 0 0
8 11 0 0
22 22 0 0
60 5 0 0
30 30 0 0
43 43 0 0
12 12 0 0
44 44 0 0
46 25 0 0
53 23 0 0
1 55 4500 6500
1 1 0 0
6 6 0 0
24 15 0 0
58 58 0 0
53 17 1500 2500
16 8 0 0
39 39 0 0
13 28 0 0
55 53 19500 15500
29 29 0 0
47 34 0 0
2 40 0 0
4 4 0 0
51 51 0 0
17 60 13000 17500
3 19 0 0
17 17 0 0
31 31 0 0
21 36 0 0
15 24 0 0
14 14 0 0
27 27 0 0
35 35 0 0
22 5 30000 30000
32 32 0 0
33 52 0 0
45 45 0 0
5 60 0 0
37 37 0 0
7 7 17732 11680
20 20 0 0
1 7 30000 29000
10 54 0 0
54 10 0 0
39 39 0 0
34 41 0 0
18 18 0 0
49 49 0 0
39 47 22000 20000
11 16 0 0
25 46 0 0
55 55 0 0
23 53 0 0
17 17 0 0
3 50 28000 21500
40 2 0 0
22 49 13000 11500
36 21 0 0
26 26 0 0
48 48 0 0
41 47 0 0
9 9 0 0
56 56 0 0
57 57 0 0
65 78
11111101001100010001010000010111100101001100101001000001101100110
54 5 0 3230
17 39 0 0
21 40 6923 4153
38 17 0 0
47 28 0 0
19 11 0 0
27 27 0 0
61 43 0 0
18 45 0 0
22 22 0 0
32 19 0 0
14 58 0 0
43 10 0 0
6 2 28684 24931
63 42 0 0
45 12 0 6000
8 61 0 0
11 4 0 0
55 57 0 0
1 34 0 0
14 50 4615 1384
7 41 0 0
5 5 0 0
59 59 0 0
64 64 0 0
13 25 0 0
40 20 0 0
52 29 0 0
25 55 0 0
53 53 0 0
46 52 0 0
12 12 0 0
3 60 0 0
44 15 0 0
41 1 0 0
57 13 0 0
33 56 0 0
21 49 0 0
26 23 0 0
20 63 0 0
45 18 0 0
31 54 0 0
46 31 6923 0
9 44 0 0
65 62 0 0
58 14 0 0
29 36 0 0
50 45 2307 0
24 37 0 0
35 51 0 0
37 24 0 0
34 7 0 0
5 39 1384 923
62 16 0 0
30 8 0 0
24 21 0 5538
16 65 0 0
12 24 1846 2307
23 26 0 0
4 32 0 0
51 35 0 0
40 36 1384 0
17 65 3230 0
28 47 0 0
48 48 0 0
50 50 0 0
4 14 4615 0
60 3 0 0
36 46 0 0
1 32 0 0
10 30 0 0
49 21 0 0
39 38 0 0
54 31 0 0
15 9 0 0
56 33 0 0
2 6 6272 4464
42 40 0 0
38 89
11011111110101111011101111011100011110
15 30 1578 5526
31 17 0 0
27 27 0 0
15 26 0 0
7 6 0 0
13 31 0 0
34 31 0 3157
10 19 10263 15000
13 2 8684 5526
22 18 19736 10263
36 36 0 0
38 9 0 0
5 19 7105 3157
1 22 0 0
29 21 0 0
14 20 23841 22435
33 11 0 0
11 33 0 0
16 16 0 0
5 13 0 0
32 32 0 0
35 29 12631 22894
3 25 0 0
34 15 0 0
28 6 4736 5526
10 9 16578 16578
3 2 3947 7105
23 2 16578 11052
12 12 0 0
21 29 0 0
10 38 15789 24473
32 32 0 0
25 18 0 7105
18 21 7894 9473
24 20 15000 10263
17 17 0 0
21 9 0 1578
28 1 0 0
18 27 1578 3947
37 7 0 0
1 18 15789 18947
4 24 8684 6315
4 17 12631 9473
34 25 10263 3157
16 18 0 0
2 27 6315 0
2 2 0 0
35 2 12631 8684
27 21 6315 6315
8 8 0 0
35 16 7894 11052
30 31 4736 0
4 10 0 0
7 34 0 789
6 37 0 0
28 22 0 0
36 27 16578 15789
14 14 20497 21554
31 5 0 0
35 23 0 0
26 34 0 0
6 11 15000 21315
30 30 0 0
3 25 0 0
8 10 3157 0
15 14 12631 11052
22 17 11052 8684
2 20 3947 4736
23 35 0 0
25 3 0 0
18 18 0 0
13 16 789 9473
30 16 11842 11052
24 24 0 0
30 30 0 0
20 14 26199 1142
17 17 0 0
19 19 0 0
11 33 0 0
10 4 0 0
3 25 0 0
22 28 0 0
23 15 0 2368
32 14 19736 20526
24 27 4736 13421
9 38 0 0
18 18 0 0
34 19 1578 9473
35 23 0 0
10 44
0011010110
9 10 15000 27000
8 2 30000 30000
4 9 6000 0
9 7 6000 3000
9 6 15000 15000
4 6 12000 21000
1 4 15000 6000
6 6 0 0
7 6 3000 9000
6 2 6000 6000
3 2 27000 30000
2 2 0 0
7 7 0 0
2 10 0 6000
6 6 0 0
10 10 0 0
1 4 15000 9000
10 10 0 0
1 6 30000 27000
9 7 6000 6000
4 9 0 0
5 1 0 0
10 10 0 0
9 7 9000 3000
2 10 6000 3000
3 10 27000 30000
8 6 18000 18000
3 3 7846 25126
5 6 30000 24000
4 7 12000 9000
4 9 3000 3000
7 6 9000 9000
9 9 0 0
8 8 1657 7622
6 6 0 0
3 8 16524 10077
1 6 24000 30000
1 5 0 0
5 7 15000 18000
6 6 0 0
9 9 0 0
6 2 6000 6000
4 4 0 0
8 3 9027 1404
55 79
1011110010100001000000010011010011110010010110010100010
54 4 0 0
39 33 0 7636
34 20 0 0
27 19 0 0
20 47 4909 2181
19 27 0 0
47 30 0 0
8 39 0 0
43 29 0 0
49 3 0 0
15 36 0 0
1 51 0 0
1 52 12000 4909
37 22 0 0
53 17 0 0
50 7 7090 5454
30 46 0 0
11 11 0 0
26 1 0 0
46 47 0 0
3 44 0 0
36 31 0 0
51 26 0 0
24 12 0 0
20 34 0 0
21 6 0 0
1 46 14727 11454
42 53 0 0
12 5 0 0
51 44 1090 545
44 49 0 0
40 35 0 0
14 14 8710 26166
29 43 0 0
16 16 0 0
28 40 0 0
28 9 0 0
22 8 0 0
48 37 0 0
7 41 0 0
13 45 0 0
11 11 0 0
35 28 0 0
39 39 0 0
54 47 11454 8727
16 43 0 2727
39 23 0 0
33 7 0 0
25 52 0 0
2 4 0 0
6 32 0 0
4 2 0 0
24 50 545 8727
32 18 0 0
50 52 0 0
24 10 4909 2727
10 40 0 0
45 55 0 0
37 39 0 0
23 48 0 0
2 54 0 0
18 21 0 0
54 43 0 6000
51 38 7090 9818
41 33 0 0
12 9 10363 10363
9 10 0 0
52 50 0 0
17 13 0 0
38 38 0 0
5 24 0 0
55 42 0 0
41 41 0 0
27 38 7090 0
50 25 0 0
30 46 0 0
30 55 2727 1090
32 32 0 0
31 15 0 0
77 97
00000100000000001000000000001000000000000000000000000010000000000010000000001
16 30 1168 3896
27 68 0 0
65 14 0 0
38 56 10305 22466
50 7 0 0
46 15 0 0
76 49 0 0
10 57 0 0
15 34 0 0
69 6 0 0
5 73 1168 5064
40 65 0 0
34 51 0 0
20 18 0 0
17 21 0 0
35 28 0 0
6 63 0 0
26 40 3896 5454
33 66 0 0
13 24 6623 5064
29 5 0 0
57 3 0 0
43 55 572 16148
66 39 0 0
49 74 0 0
54 60 0 0
41 41 0 0
45 30 0 0
28 35 0 0
54 52 0 0
51 46 0 0
15 54 0 4285
55 56 3664 13658
24 71 0 0
44 19 0 0
70 70 0 0
8 58 0 0
56 38 14107 2056
52 54 0 0
3 10 0 0
72 40 0 0
42 3 0 0
36 20 0 2337
13 1 0 0
37 17 0 0
23 29 0 0
26 25 0 0
16 8 0 0
68 37 0 0
7 23 0 0
4 73 0 0
77 12 0 0
25 53 0 0
18 2 0 0
1 13 0 0
44 19 0 0
62 67 0 0
71 26 0 0
11 11 0 0
65 31 3896 1168
9 44 0 0
14 72 0 0
41 41 0 0
30 61 0 0
61 75 0 0
54 8 0 0
65 42 3506 0
39 33 0 0
74 76 0 0
10 12 7012 0
63 69 0 0
73 4 0 0
32 50 0 0
47 15 0 5844
47 47 0 0
2 20 0 0
22 22 0 0
1 47 0 6233
59 59 0 0
5 32 0 0
52 54 0 0
19 9 0 0
31 42 0 0
21 27 0 0
75 36 0 0
18 24 3896 0
12 77 0 0
38 43 2762 19366
64 48 0 0
67 62 0 0
36 45 0 0
59 59 0 0
48 64 0 0
53 24 0 0
42 31 0 0
58 16 0 0
60 52 0 0
93 96
100001110001101101111010010010000110110010010110101111000111110101101001100011000101101100100
84 64 0 0
83 37 0 0
81 87 0 0
46 46 0 0
72 73 0 0
3 56 0 0
49 36 0 0
54 4 0 0
91 7 0 0
18 18 0 0
58 12 0 0
59 81 0 0
53 50 0 0
48 15 0 0
68 14 0 0
55 21 0 0
93 84 0 0
16 54 0 0
40 29 27648 23854
54 1 0 0
23 60 0 0
92 71 0 0
15 32 0 0
12 33 0 0
42 93 0 0
56 61 0 0
70 17 0 0
6 52 0 0
13 92 0 0
79 24 0 0
60 78 0 0
7 91 0 0
20 90 2903 5483
63 62 0 0
76 65 0 0
19 25 0 0
78 23 0 0
11 6 0 0
66 10 0 0
89 20 0 0
30 79 0 0
38 57 0 0
73 74 0 0
64 77 0 0
50 53 0 0
4 55 0 0
36 49 0 0
45 67 0 0
17 22 0 0
32 48 0 0
37 24 3870 6774
82 40 14235 1540
71 28 0 0
27 80 0 0
35 70 0 0
41 75 0 0
21 89 0 0
26 68 0 0
74 63 0 0
14 26 0 0
80 5 0 0
24 30 0 0
10 69 0 0
20 4 0 0
86 34 0 0
8 58 0 0
43 9 0 0
69 16 0 0
44 88 0 0
62 72 0 0
85 43 0 0
29 82 17330 1081
57 59 0 0
65 44 0 0
31 19 0 0
1 66 0 0
67 47 0 0
75 41 0 0
51 2 0 0
47 45 0 0
28 13 0 0
2 51 0 0
33 8 0 0
88 76 0 0
90 42 0 0
39 85 0 0
5 27 0 0
37 83 0 0
34 86 0 0
87 38 0 0
52 3 0 0
61 11 0 0
22 35 0 0
25 31 0 0
9 39 0 0
77 90 0 0
75 95
111011111011001110111110111110111111101011111110110011111111111001111101111
52 49 0 0
33 28 0 0
25 42 0 0
14 13 8400 8800
37 20 0 0
35 73 0 0
4 10 0 0
57 57 0 0
73 55 0 0
38 38 0 0
59 24 400 7600
69 36 0 0
29 29 0 0
66 59 0 2800
44 44 0 0
71 71 0 0
13 13 0 0
52 29 4000 0
75 75 0 0
62 32 0 0
9 9 0 0
16 19 2800 0
64 64 0 0
23 23 0 0
22 22 0 0
16 16 0 0
24 14 0 0
28 31 0 0
6 6 0 0
5 5 0 0
19 19 0 0
74 74 0 0
47 47 12227 12230
66 66 0 0
72 72 0 0
30 7 0 0
50 40 0 0
54 54 0 0
70 43 0 0
41 41 0 0
28 33 0 0
58 58 0 0
53 53 0 0
11 11 0 0
29 70 400 0
42 25 0 0
21 21 0 0
56 4 0 0
61 61 0 0
13 54 0 1200
32 62 0 0
31 31 0 0
1 28 6000 0
18 46 0 0
68 68 0 0
11 11 0 0
20 37 0 0
54 62 7200 3600
60 14 0 0
14 60 0 0
26 51 0 0
61 49 0 6800
12 12 0 0
46 18 0 0
43 70 0 0
19 44 24000 20800
49 67 0 0
24 24 0 0
39 39 0 0
19 61 7600 12000
51 15 0 0
62 75 2000 5600
42 42 0 0
27 27 0 0
67 52 0 0
59 59 0 0
40 50 0 0
38 34 2000 1600
34 34 0 0
36 69 0 0
45 45 0 0
1 1 0 0
10 56 0 0
55 35 0 0
7 30 0 0
63 17 0 0
65 2 0 0
31 16 0 1600
8 8 0 0
3 3 0 0
48 48 0 0
2 65 0 0
17 63 0 0
15 26 0 0
43 66 2400 4400
98 100
01001000000000000010000000000000000000000000000000000000000000000000000000000000000000000000000000
56 56 0 0
85 75 0 0
84 84 0 0
13 67 0 0
17 17 25052 1462
81 53 0 0
21 98 0 0
77 77 0 0
57 57 0 0
1 41 19897 12244
90 45 0 0
73 73 0 0
9 9 0 0
66 66 0 0
28 28 0 0
79 10 0 0
24 6 0 0
49 49 0 0
51 35 0 0
45 90 0 0
5 55 0 0
72 38 0 0
30 37 0 0
96 34 0 0
58 97 0 0
4 50 0 0
40 40 0 0
59 59 0 0
71 33 0 0
47 14 0 0
22 74 0 0
54 60 0 0
64 18 0 0
65 27 0 0
43 43 0 0
88 88 0 0
34 96 0 0
70 21 7346 10408
55 5 0 0
14 76 0 0
36 36 0 0
8 94 0 0
50 4 0 0
6 24 0 0
38 72 0 0
93 39 0 0
19 71 0 0
44 51 0 0
78 62 0 0
2 52 0 0
86 42 0 0
95 95 0 0
53 83 0 0
63 63 0 0
20 3 0 0
15 15 0 0
33 19 0 0
37 30 0 0
18 23 0 0
94 58 0 0
69 86 0 0
68 81 0 0
35 44 0 0
91 91 0 0
98 21 0 0
82 29 0 0
52 2 0 0
7 7 0 0
3 20 0 0
87 87 0 0
74 22 0 0
62 78 0 0
89 89 0 0
92 92 0 0
48 80 0 0
97 8 0 0
70 41 0 0
39 46 0 0
60 16 0 0
41 70 0 0
10 79 0 0
31 1 0 0
25 25 0 0
76 47 0 0
83 68 0 0
29 82 0 0
46 93 0 0
26 61 0 0
11 11 0 0
61 26 0 0
75 85 0 0
80 32 0 0
23 64 0 0
16 54 0 0
32 48 0 0
67 13 0 0
12 12 0 0
42 69 0 0
27 65 0 0
1 31 0 0
16 28
0110111001111101
10 16 0 0
6 5 5625 3750
12 9 5625 3750
13 13 0 0
5 16 1875 0
2 2 0 0
2 2 0 0
7 11 0 0
7 16 15000 15000
14 2 3750 7500
5 5 0 0
12 12 0 0
13 13 0 0
11 7 0 0
14 6 0 0
4 14 1875 7500
14 9 5625 7500
12 14 5625 0
11 4 0 0
15 10 0 0
2 16 5625 11250
6 14 0 0
1 7 0 0
16 15 0 0
4 1 0 0
3 8 9247 13046
8 3 13825 11464
9 9 0 0
28 46
1000111010000111111011111010
8 8 0 0
9 11 0 0
22 13 8571 0
5 8 6428 12857
11 9 0 0
1 10 0 0
23 7 9642 3214
28 28 0 0
8 8 0 0
18 17 0 0
14 22 10714 11785
17 14 0 0
26 26 0 0
6 4 0 0
23 2 0 3214
7 20 0 0
5 5 0 0
12 27 24050 13683
10 20 13928 15000
27 12 23310 10957
13 28 13928 6428
6 6 0 0
27 22 0 0
27 28 15000 10714
24 7 0 0
25 19 0 0
6 16 16071 23571
4 15 0 0
15 15 0 0
2 2 0 0
21 22 0 0
20 24 0 0
14 18 0 0
16 16 0 0
10 18 6428 6428
10 1 0 0
19 25 0 0
13 13 0 0
3 3 0 0
6 6 0 0
22 21 0 0
21 16 10714 4285
8 8 0 0
23 23 0 0
15 4 0 0
3 3 0 0
62 71
00000000000000000000010000000000001000001000000000000000000000
48 18 0 0
8 45 0 0
12 12 0 0
30 39 8225 0
36 36 0 0
5 5 0 0
11 11 0 0
56 38 0 0
7 7 0 0
34 34 0 0
6 6 0 0
19 19 0 0
9 23 0 0
45 8 0 0
1 1 0 0
4 4 0 0
29 29 0 0
55 55 0 0
54 17 0 0
51 51 0 0
44 20 0 0
49 49 11124 1745
22 22 0 0
43 29 4354 2419
52 2 0 0
28 24 0 0
26 26 0 0
1 43 6290 6774
61 61 0 0
27 27 0 0
4 4 0 0
42 42 0 0
13 13 0 0
3 3 0 0
2 52 0 0
38 56 0 0
23 9 0 0
35 35 0 0
59 59 0 0
21 21 0 0
53 53 0 0
32 48 0 0
18 32 0 0
58 58 0 0
17 25 0 0
24 24 0 0
60 33 0 0
39 62 0 0
10 47 0 0
41 41 0 0
40 40 0 0
59 47 967 9193
57 57 0 0
37 37 0 0
20 44 0 0
24 59 10161 7258
43 43 0 0
28 28 0 0
15 15 0 0
29 28 30000 30000
16 16 0 0
62 39 0 0
31 31 0 0
47 30 6774 0
46 46 0 0
47 10 0 0
30 30 0 0
50 50 0 0
25 54 0 0
33 60 0 0
14 14 0 0
