100
10
784 654 484 388 3 350 416 533 709 974
8
7977 1208 9021 2846 4525 6274 3862 3434
6
404961115 233125355 925599982 482950937 526094753 936180645
10
172 987 776 703 540 387 371 352 346 216
4
1207969 8241654 7065146 6953392
9
4483 55 6093 8781 303 1876 89 952 9328
10
962 668 390 235 83 104 335 451 778 979
10
64 71 112 399 422 749 671 646 576 524
8
382 7089 3522 205 4297 2628 1465 6490
9
431 7110 1275 1043 7224 1527 4240 865 8219
4
278 422 500 994
9
195 5037 4193 5777 496 8267 874 102 8205
5
347346991 218300053 409828618 46238285 118697512
9
773 708 616 492 149 323 574 666 758
10
198172938 673953349 218453727 290889949 364224426 567173482 321432880 281752251 491821429 117948648
7
410 412 427 432 488 925 854
8
489049601 172713134 5100271 167164910 645012450 531009471 734004259 816536567
8
60 7529 3897 2791 4744 121 2733 9835
10
3759 8853 9368 7551 4020 357 340 1500 5216 9534
10
598 339 80 64 13 40 69 90 394 615
9
878 817 723 326 190 300 459 729 857
9
996 770 720 500 229 398 543 723 826
3
1 2 3
8
9881 8886 1200 2057 1701 3663 9919 6353
10
110 302 394 616 775 791 911 854 830 828
8
9739 6509 9631 7442 7237 8578 7427 6749
7
881 822 641 582 542 508 230
10
1156 8636 5609 7863 9 3351 403 1648 956 8906
10
985237439 115580714 588841488 491283263 211383492 650827926 248964649 914777219 995578874 575206987
10
688 559 389 248 29 205 288 545 605 763
4
350367779 631496559 420261835 948158934
9
8726 871 4267 7942 235 6716 973 6387 9346
10
747 434 247 58 5 44 148 373 483 911
9
910 796 476 233 81 132 272 752 797
8
3445 6278 7170 299 127 9661 2856 8925
9
1260 2902 6837 9839 7647 6030 1093 218 9881
6
234320531 12219278 400331027 583308508 187095055 789447088
7
580032295 223844572 317716905 262632599 741595818 231680388 241586595
10
7934 356 5831 8900 7176 7911 2954 314 1643 8420
8
730151915 592907603 547071857 911090633 108779218 503271457 352641845 893979549
10
828024686 2113352 463229546 106292557 912035452 515903008 330904515 631217659 447612521 807711886
8
7894 3296 279 3922 260 2776 2049 9801
9
9102317 8665022 1899723 2632337 8652130 8522884 6169010 4191811 8290089
4
501 60 399 806
8
6087 1683 7379 2347 3598 3188 2747 1758
9
9703 9143 9 1541 6269 6166 2595 2233 4209
9
41081679 468595610 853903354 500195682 443479216 660424718 535258188 727457963 608829784
10
9373748 106400 9252210 5703055 1243095 5394063 6132040 1221149 3305862 9725467
8
6823083 4036898 7547459 1194460 9855518 1177716 9109084 9738636
8
4726272 799549 6722257 222029 9222048 8688101 2165667 8841776
9
912184865 189249835 217029038 205793896 90465150 653649198 462619264 467522982 780320229
6
533 504 4 390 514 703
8
9197 266 1161 2740 2543 9982 8 3911
10
946 872 536 190 185 189 445 669 934 949
3
851977814 634941113 265550989
7
8 189 202 374 494 874 720
10
885199808 992828345 623240125 287187371 389536186 589119327 136958911 160982276 833212858 909225163
5
493851782 716541515 592954846 743640921 564183733
1
442550499
9
7458 338 167 5041 149 5151 4565 1498 7242
7
508226180 140457904 46752129 467725546 849255891 582865430 306040481
10
816557485 231273585 259039558 488023758 947291280 243531208 740298830 378031665 184131109 211751898
8
7883 6772 820 4012 5268 9788 6843 5728
5
887911150 933800156 346504247 264612639 590486013
3
226501877 566098710 385544554
5
626 394 207 339 610
8
9683253 2628374 4426165 7093964 2869277 5970099 6939383 6361141
10
9005 8684 5881 1578 4614 2484 1664 9360 2591 4370
10
404292494 993145514 475113847 427636534 419436214 925151994 908751748 982905757 411749040 733443858
5
1 8 10 3 7
3
723870246 581393656 259417436
10
880236571 21370795 277965154 826316176 249103714 920031781 887545538 6804716 864938430 714875274
10
9622 8630 892 356 314 3266 7502 1721 9847 9693
3
94 711 137
10
32 72 137 159 464 529 547 550 899 575
10
570756727 982101396 282699921 562374282 262808200 697497301 693826241 430737968 109530361 604626335
8
7061 767 4601 4947 882 9096 5208 5770
9
3632 6893 4543 5260 7270 200 3221 1401 9247
8
884 774 312 99 258 700 818 925
10
723 626 486 355 43 283 372 496 701 924
10
9215 7900 1858 6038 4272 7460 3696 21 5931 184
9
700683199 497629612 458859940 808124283 308373661 237365542 701777067 114462710 472440044
10
885 743 598 247 37 43 493 679 825 913
10
7805 1387 3935 7491 4926 103 114 2601 8074 3297
10
758 616 472 260 68 233 304 551 729 789
9
743 664 387 312 42 100 379 661 730
6
985869660 685333908 397011494 341664869 467482175 165551833
10
956 678 616 346 258 291 472 641 707 966
6
460 436 48 273 444 685
8
8050 2634 8463 6754 5771 6764 7623 4476
10
570110464 624653699 644157174 425506590 52582562 754763169 276170645 213140500 723075991 228318812
8
683811154 737100933 564470773 744065781 543322784 634967155 597758564 582973961
10
305084360 655129658 472824899 192027123 653150166 729158544 493881551 592312178 636062918 208308290
8
912 616 486 145 159 571 732 983
10
873 688 444 355 201 259 371 538 765 902
10
700870879 923418073 649386134 80117197 840229914 614382744 495486483 419465828 367524198 426654925
9
2865 3135 4828 8990 189 421 2771 168 6325
10
5545 1639 8298 9425 6301 1117 2765 930 6333 6723
8
4844 4451 5964 3319 2785 824 4833 6900
7
598909073 631832200 303932988 244446469 931277628 553346909 785455013
