100
2 1
500 300
900
660
2 1
500 300
1500
809
2 2
50 100
450 449
1100 1101
2 1
500 300
300
500
1 8
10
11 13 17 11 16 14 12 18
2 8
2 9
2666 2711 2437 2365 2600 2600 2356 2340
12870 12418 10643 11985 11652 12424 11889 11700
2 4
5 8
525 450 456 493
722 880 827 880
2 8
2 1
2340 3920 1873 4600 1303 433 3960 1600
205 845 2420 800 1430 1831 646 2300
1 6
2
742 600 429 1286 216 900
1 8
1
533 467 530 500 451 500 450 510
2 3
7 10
3171 3213 3472
5610 4548 4960
2 8
6 8
39 46 6 36 24 66 66 42
72 56 48 56 34 72 62 8
2 5
6 4
3108 1080 652 1654 2400
2120 880 432 1108 1600
2 8
268181 288436
652435 807529 367744 462193 982942 400212 702237 577498
480352 626228 958512 237168 827436 607814 910893 832364
2 8
10 3
14661 14711 15010 16500 14993 15726 15030 15277
4707 4199 4728 4058 4509 4714 4050 4503
1 6
4
4384 4194 4332 4143 4840 4651
1 7
8
19200 18253 18384 17280 21120 17724 20954
2 5
6 2
9989 11127 9180 10200 9888
3568 3740 3400 3134 3151
1 8
38060
894232 881284 676514 404045 777468 602857 818890 992361
2 6
8 5
4885 12240 4607 2628 2938 18400
9350 11500 1580 3178 2035 2837
2 1
6 2
540
220
1 2
2
2178 2200
2 2
5 3
4751 4314
2602 2539
2 4
9 9
9 81 9 9
9 9 99 9
1 3
3
3 15 33
2 8
7 8
12119 12339 12985 4200 13843 1400 11706 630
4800 1600 15158 880 13008 14615 14467 15744
2 8
5 4
45 5 5 5 5 5 5 5
4 4 44 4 4 4 4 4
2 1
127064 935488
812003
661489
2 8
2 5
2 22 2 2 2 2 2 2
5 5 5 5 45 5 5 5
2 6
8 9
800 2160 4800 4150 2896 1709
2970 5400 1660 900 3461 4636
2 4
5 5
6581 6500 6472 5850
5859 7150 6500 6958
2 2
8 10
60 35
74 42
2 8
68096 132183
786332 969005 906380 933510 841243 537834 979940 819022
402968 596117 840505 940950 749821 672319 562042 783836
1 3
9
16073 14709 15291
2 4
9 1
18 44 72 28
5 3 8 2
1 5
8
4320 4808 4742 5118 4522
1 5
4
1600 1441 1755 1440 1671
2 8
5 4
1803 1975 1851 1800 1980 2080 2141 1974
1656 1703 1584 1613 1468 1580 1760 1539
2 4
5 4
2732 2375 2251 2250
2095 1815 2200 2016
1 7
4
1934 1752 3006 867 1320 400 2400
2 8
9 10
6928 3600 6409 990 2550 4578 4860 1775
7214 900 5015 2896 2115 7489 4000 6600
2 8
302607 141673
610212 827716 949403 965489 481841 926469 418744 957804
721094 824326 345553 493796 233110 462105 530463 980856
1 6
9
15688 16200 7290 5400 5569 7032
2 7
198149 179272
85764 981157 443887 741078 997576 915537 640298
718495 595774 991509 933678 896865 631090 884989
1 2
6
10771 8640
1 2
117821
979853 180733
1 2
5
547 999
2 6
8 5
16000 1440 16525 10850 11440 2477
6441 1100 1643 11401 10000 5850
2 5
7 10
11334 11550 10486 10352 11115
13500 14800 15824 15769 14980
1 3
1000000
899999 900001 900000
1 2
5
450 990
2 8
402404 8044
594185 974209 751735 876106 687391 958952 755152 807330
982035 990396 643507 139936 740385 507711 785480 412193
2 1
1 4
1
4
1 4
2
13 4 16 22
1 7
8
32 55 23 32 64 72 59
1 3
6
2640 2400 2189
1 4
4
8596 9011 9078 7956
2 3
372593 37380
980153 617430 938951
966682 848842 793198
1 4
8
52 49 88 55
1 6
9
12557 12869 9915 3600 12150 13562
1 6
1
2093 2420 1980 2200 2330 2254
1 5
3
5670 6740 6282 6747 6303
2 5
2 9
14 15 10 6 22
81 57 25 45 63
2 2
7 2
2119 1969
613 580
2 4
2 3
8 8 2 22
12 27 12 3
2 4
7 2
2906 1895 770 1511
586 415 180 768
2 8
5 4
5158 5500 5051 5873 5640 5841 6050 5500
4400 4369 4268 4121 4400 4447 4767 3960
1 8
3
3 3 3 3 3 3 3 27
1 3
8
17246 20658 19360
1 5
235412
999864 821398 877680 675724 890597
1 7
308980
382139 986699 963638 832026 841295 368192 993785
2 6
9 8
29 99 69 72 9 18
64 60 16 26 8 72
1 8
5
27 21 40 55 29 55 5 34
2 3
8 6
9296 10522 9608
7206 7687 6968
1 5
155291
298089 924163 837136 729544 753155
1 2
7
13230 14422
2 6
8 3
14631 7901 13600 13200 1760 12356
540 5100 4559 4050 2792 6227
2 8
160483 514647
837698 947209 659589 922396 985699 947292 767442 744525
928363 998501 725882 939284 707415 834535 677649 415716
2 1
1 9
5
41
1 6
7
3780 2026 3500 2936 1539 770
2 8
4 5
4 4 4 4 4 36 4 4
55 5 5 5 5 5 5 5
1 4
663497
917853 552780 686756 749630
1 1
568162
563435
1 3
2
2640 4800 385
2 7
4 1
880 816 753 847 844 784 800
197 200 209 190 205 214 180
1 4
332807
973857 604601 868805 426162
1 7
10
4400 24000 5478 16470 17045 5000 9336
2 8
10 9
6892 1073 5000 4197 7200 2700 1909 5998
4500 7920 3955 5758 858 1708 2970 4971
2 8
1 1
1000000 999999 999998 999997 999996 999995 999994 999993
999992 999991 999990 999989 999988 999987 999986 999985
1 2
6
1189 608
1 1
6
6
1 5
8
1600 4356 720 2377 3251
1 3
10
2125 1000 2723
2 8
10 9
51 22 49 40 40 37 20 110
18 18 43 81 36 45 35 35
1 5
3
990 845 909 972 937
1 4
5
8980 8450 9062 9955
1 8
10
1 5 8 6 4 2 3 7
1 7
7
16100 14439 14630 15666 15376 6606 2800
1 7
1
2750 900 606 1702 300 2214 1782
2 1
1 4
769
2958
