100
900000 10000 89164 70497 77173 97149 84148 64265 87934
900000 10000 99417 23588 7025 20618 85236 98151 26704
220000 4706 25975 46831 9456 50175 94220 90164 55907
700000 10000 19676 15965 70284 61719 96835 16229 18064
120000 4425 49779 38452 47944 70981 27535 86751 66287
130000 1162 50058 482 2010 70269 33587 61463 48146
100000 10000 41464 34538 82039 50887 8520 4255 87011
400000 10000 12134 13856 79673 36724 99036 77818 88017
100000 10000 66300 13849 61676 48595 55836 48688 30638
1000000 10000 1 1 1 1 1 1 997
290000 4394 87354 16088 4374 13516 88343 27280 6117
500000 10000 31967 55634 89481 59413 7117 95597 20596
300000 10000 10160 27134 36855 54224 13806 99214 57321
280000 5780 74756 52479 36944 31191 36601 3318 8749
900000 10000 21549 28140 66691 67416 87704 87442 26701
1000000 3252 72018 76170 29279 93209 87650 12305 30499
200000 10000 48517 93885 38817 49161 60115 66541 97950
360000 7668 19457 91804 94251 8886 1641 21993 52465
1000000 10000 54143 18674 20024 42111 62462 95131 1661
480000 9015 2361 97587 33735 16750 73839 11394 60743
100000 7600 24455 31507 1181 25713 77824 46231 90391
220000 6686 60402 13683 17350 42099 24036 70473 33956
500000 10000 86022 77290 99177 52232 10991 85329 90557
500000 10000 39861 24893 24099 83663 40428 9138 84886
440000 9663 74025 23166 98029 16245 1952 89648 46877
770000 5225 14719 13895 98694 94725 69008 9369 44179
900000 10000 68114 14962 82425 17393 66643 26792 11561
500000 10000 96977 21290 80551 55093 50796 61878 18718
330000 939 10302 7078 24750 41294 81358 64219 26066
900000 10000 98011 19916 50791 1981 7782 36936 5957
910000 2173 31954 67048 17171 16153 43565 99527 33627
100000 10000 82325 16050 42286 15107 92100 31016 50990
500000 10000 16757 36244 37824 29079 24654 18142 61241
30000 1320 41069 89364 93516 43360 8794 51099 50876
800000 10000 17419 72277 34860 86954 4764 93791 97591
600000 10000 19693 14857 95347 39174 11883 99455 64610
900000 10000 59901 94889 45431 79934 53426 94542 97896
1000000 10000 95787 69540 64224 48086 18614 51840 3490
860000 8728 99053 73189 93589 5101 83587 21141 44743
800000 10000 48123 7237 82429 49712 26188 90449 83579
200000 5181 7032 9419 56584 32594 16878 59420 72550
590000 9352 14813 30188 86335 2772 7442 86231 923
700000 5214 37436 93149 90163 99154 82391 37332 54951
700000 10000 2975 95892 58212 31916 57992 30073 65226
100000 10000 48419 95444 23644 23383 96028 57 16358
490000 9448 89106 91582 18676 65313 89000 1401 58155
680000 1447 994 18868 41512 67765 59449 52611 19293
290000 1422 78632 87751 33313 63359 47263 22162 94258
930000 4759 17539 1718 98658 12845 58087 76190 97165
690000 7457 60487 7523 19845 18767 57780 4863 8382
900000 10000 42496 58095 11475 35265 22068 79159 48630
700000 10000 98932 39323 87740 77093 58531 21542 33668
800000 10000 23477 58012 86262 36603 31501 59129 83397
280000 7671 22379 31505 92715 76261 84448 73376 8870
1000000 10000 19130 37704 27304 45969 92278 23146 70398
80000 6439 87190 97916 70600 99541 69260 23749 5990
2 3 1 2 1 2 1 1 9
400000 10000 24085 62898 24364 36415 63966 68690 48676
200000 10000 69998 96556 9216 27950 79800 72973 73775
300000 10000 29494 25517 15408 21691 28142 18545 58317
420000 3572 46929 76288 37682 52996 78799 10918 61194
400000 2621 57311 67260 8152 73725 46119 47058 2988
1000000 10000 14821 1856 32356 28551 37382 25120 29771
200000 10000 34080 72446 43798 83205 80943 42479 70781
590000 4099 41096 4972 37784 40412 62457 72169 16975
360000 3002 12886 98334 96403 12087 24958 71182 40260
200000 10000 38352 92523 77562 98966 33676 19468 87491
910000 192 91432 2926 85956 66474 15393 29345 95539
630000 3594 93713 71193 5517 42930 61209 7618 83568
900000 10000 36714 83624 84072 66191 94145 36169 50096
750000 1123 66879 52618 40111 85830 15802 23484 1293
200000 10000 25282 31048 27209 82682 25533 40361 5510
400000 10000 45426 4159 59220 17827 70080 70423 74029
540000 6042 18181 21107 65156 7485 9138 43490 76989
110000 3147 86289 89298 4242 39027 50784 9985 97899
380000 6099 434 64220 25525 41049 685 26164 49264
10 10 10001 10002 10003 10004 10005 10006 89273
900000 10000 81049 91981 49782 4349 9657 17381 62063
330000 8245 12424 43560 30340 84890 56809 47702 50927
380000 3276 6112 16874 16528 60173 64698 36817 276
1000000 10000 100000 100000 100000 100000 100000 100000 100000
500000 10000 95239 19683 67838 35748 69625 67357 33739
30000 4106 4144 80899 22590 51192 77582 97489 26765
950000 3780 64326 21395 3042 58974 19994 44887 72974
500000 10000 41662 96636 17958 48033 51313 33775 44429
980000 284 94239 57738 1933 62495 12041 6395 105
300000 10000 80793 49847 27074 86243 24566 96027 59034
970000 3848 18085 83635 60351 61900 46839 79994 22401
1000000 10000 81024 96863 47023 83618 82501 27108 32827
400000 10000 26018 61432 47525 58378 37956 73162 72116
970000 5185 19354 90690 34370 72516 94344 95618 21667
70000 2850 61719 1570 73170 511 77601 73251 56096
710000 9474 59123 1782 3008 41131 63438 50544 24196
1000000 10000 50566 1610 2992 6041 65565 71784 10695
300000 10000 23951 94919 64117 49500 41853 64142 49077
100000 10000 28972 67831 3605 70259 19413 8162 30264
480000 5990 42414 26658 70752 18378 56186 20445 64005
460000 160 2802 89428 29166 93665 45939 52177 63360
340000 895 16147 5616 70278 21972 59385 63536 99362
700000 10000 89480 31551 99744 52097 19413 13852 87874
