100
65 14 76738 49663 47520 33228 80149 18551 92516
10 10 10001 10002 10003 10004 10005 10006 89273
58 14 12174 12670 68013 2203 1034 87117 8334
31 4 68483 10035 95965 48571 80567 17752 24375
89 6 97709 25671 7780 71900 93994 62119 1831
15 6 93923 32901 2863 25038 22408 93034 74786
38 11 20016 87322 25117 95585 80257 43097 32695
81 9 44225 82864 27934 50615 13600 97786 17562
36 9 15693 48616 58464 78840 86538 81654 25585
52 9 22831 40272 39538 27256 54774 72869 25966
95 14 12886 66545 72432 18849 50646 19552 32493
47 16 58247 62217 83982 48620 34697 76150 38016
4 20 91954 79400 65459 12382 93844 96539 47599
32 3 66878 37951 26402 37303 85291 85021 42523
81 19 19545 87891 86669 92767 29576 52661 25030
51 11 42176 93921 43591 73224 8761 41576 74355
1 8 29126 21046 47012 3702 93611 52913 13797
2 16 89947 32404 57770 63426 45369 22326 34751
75 15 88698 84823 86726 17573 95603 60760 81622
64 16 50186 93313 30328 25074 35386 39622 18472
58 14 96812 75441 16661 34050 34953 49362 44884
60 15 97868 94695 61370 43668 27231 59845 86039
39 8 30726 79651 1838 17688 8080 7066 65669
45 2 23446 30800 6904 38156 29428 64381 1672
56 8 55124 17387 80282 16365 24354 89145 6150
15 20 30767 61634 66216 2990 88521 39541 6868
50 19 26969 23824 65516 88806 22051 99241 4376
100 20 100000 100000 100000 100000 100000 100000 100000
35 1 54626 93198 90026 79954 51917 95722 50428
77 14 42690 47636 47476 93069 21381 40500 65702
70 14 788 3964 44975 39463 9458 15325 29310
17 6 73151 58539 51271 70195 96246 18502 26394
71 20 66677 43178 4450 87564 72072 71416 71120
73 10 45550 55406 55206 181 16728 4103 6628
18 17 6142 672 24508 60940 93620 95284 64545
5 6 99090 12038 29061 42984 64792 30859 41176
53 8 33037 63837 78108 73995 34500 16605 55309
86 17 55388 48379 77107 3472 36306 26679 70185
44 10 67833 18803 4359 73485 62762 71107 33035
89 2 86342 27593 14271 6193 9042 21755 56377
66 1 25269 37113 78751 66170 85669 65907 12642
87 8 98300 60442 53712 17734 42690 29338 61504
94 4 29096 2333 30342 32488 42885 81296 29399
50 17 8456 52495 69714 67181 25482 30943 24287
44 3 89604 85367 72573 64712 28851 90701 29225
53 10 7710 7275 56919 48474 9628 11169 91481
68 5 93749 81685 92244 60177 33270 26255 6977
28 1 23521 46507 52595 65399 22160 86362 72636
16 11 94598 32108 69652 43746 15504 97992 95894
90 10 24552 57694 87329 30558 95576 85499 50318
22 2 9723 76895 43313 17765 11925 70361 37535
43 12 91342 46740 95929 79388 69629 14308 49514
45 5 67008 96062 67484 15960 3561 13117 78214
23 8 85713 34877 36302 71025 26522 70683 35444
2 9 26239 25384 99817 13809 44974 78155 13299
36 16 32087 59746 82911 35841 24893 40165 81873
51 19 1572 61477 34916 93044 77997 56041 33253
53 1 80435 32884 36931 53204 73040 50893 77745
86 4 40006 97139 12202 11730 26779 58316 34009
56 18 13546 8464 79765 5610 17263 22156 77875
18 18 9637 66909 34674 23657 52601 68809 2015
4 19 74442 59751 60784 39490 94038 99548 52881
77 4 449 54274 42952 2441 42748 51445 12845
20 2 32273 36308 90043 80536 96687 55220 78421
30 20 82273 15180 62300 37655 37848 67464 85174
49 18 42515 76487 78311 38280 86605 62293 16418
11 17 86872 18879 56915 69359 4235 89882 99666
72 16 57691 94705 34450 42188 80362 22205 45773
59 13 87502 98792 53046 48991 12431 64058 5311
73 9 66645 93446 91313 37218 29066 73289 50222
1 2 88781 84465 26161 15742 17221 48416 65989
95 1 78671 45378 33640 61944 41276 10661 38771
77 4 66581 81425 10754 4651 69829 67445 98552
100 8 7765 76469 77572 78700 3180 27351 96876
100 2 99973 56002 35179 82587 68886 10493 9830
12 13 76100 54509 66390 56569 27159 69515 28969
31 10 92309 4069 30767 6641 38163 1774 66276
42 7 40995 15790 23079 71166 48346 24528 56190
14 4 57830 93705 64775 32348 62763 40489 67299
2 3 1 2 1 2 1 1 9
15 9 58150 65715 83445 1305 21326 18509 30197
31 17 87167 86560 23743 49489 51700 77195 85223
100 13 22074 40048 25397 54925 45579 11597 43310
30 19 57206 50422 55207 23592 28267 60980 78485
75 11 44153 5530 66104 63009 74672 24929 94305
84 8 93679 64875 43557 65425 91585 74849 57610
11 13 94968 97663 31215 6448 58123 7996 49882
70 15 81819 54457 43298 29161 27778 56762 26676
44 11 97517 54860 77228 59785 98009 11527 91508
64 10 94955 24793 20889 84760 28255 56939 52356
32 1 50299 93710 3118 36700 79573 69205 52568
56 12 25329 70383 4544 24238 40494 28037 48585
94 13 36558 99167 56581 50021 1162 14645 67034
31 4 45934 69153 66545 77883 75607 64971 72953
55 11 80762 46441 71162 5404 36854 45727 60458
92 15 38767 11728 32325 88122 92177 83481 78875
1 6 92146 25619 86080 27449 84740 29890 76507
54 18 7141 96841 98555 18718 9073 27436 77748
9 16 53689 83111 86587 51992 56107 30895 98203
46 19 13666 97114 65964 4625 59007 9588 25436
