100
2 8 2
4 4 10
12 1 8
1 18 6
4 3 10
1 4 2
8 1 1
4 2 4
14 1 12
1 5 5
4 5 5
7 2 5
4 1 3
2 1 1
3 3 5
1 2 1
2 3 5
8 2 14
5 1 5
1 19 10
1 17 15
7 1 4
1 14 8
5 2 8
4 5 13
1 18 6
3 3 8
1 20 4
4 4 10
9 1 3
4 4 12
20 1 10
4 5 8
2 9 4
1 16 11
4 3 10
7 2 5
3 5 1
1 15 9
1 3 1
1 10 7
1 17 5
1 19 1
3 4 9
2 4 5
1 5 2
1 2 1
4 4 14
1 3 2
5 2 1
2 9 2
1 9 2
15 1 14
4 5 16
1 17 9
12 1 8
5 3 11
2 9 10
3 2 6
2 3 5
4 2 1
13 1 10
3 5 15
9 2 1
4 5 10
1 2 2
10 1 8
7 1 1
3 2 1
7 1 3
1 8 8
4 2 1
1 14 13
3 3 9
5 2 8
1 10 5
9 1 6
1 8 1
2 10 3
1 5 2
2 6 5
3 6 11
1 16 11
3 1 2
2 4 4
9 2 7
1 16 8
3 3 1
4 4 2
5 4 14
2 8 3
2 3 1
9 1 9
16 1 10
2 6 11
1 5 5
2 2 1
4 5 14
2 3 3
4 2 8
