99
2525 1
2400 5
300 2
120 60
60 90
968551019 1
586650799 4020
695011070 1
686206394 3694
492352252 1
104129412 2700
178300590 1
134670679 7375
1000000000 2
12345676 2
12345675 3
73598081 1
11059263 9572
976865938 1
626582029 9132
83247938 1
33802665 9706
509422902 1
2990699 7403
1000000000 2
200 10000
100 10000
432219855 1
180588067 3142
399352673 1
395979555 6275
382648274 1
117887811 4435
177638462 1
81944498 5202
98547438 1
4744589 2095
396221691 1
224110747 6186
604691021 1
496795871 4754
838194159 1
522055349 2604
332545550 1
332515582 6503
698068963 1
361574540 9015
277781452 1
75736263 2360
258091963 1
187814845 3446
479322315 1
35253573 4045
394194353 1
250604281 6866
900068910 1
72424438 1841
2 1
1 10000
125539497 1
54201219 8389
1000000000 1
999999999 10000
588923474 1
314485081 8813
625389136 1
41685822 1169
613397365 1
60397789 6794
526778233 1
471677446 463
314352102 1
70122794 6135
751788257 1
162104095 4238
304263998 1
84296111 9374
550793912 1
263293528 8905
471690688 1
363624226 7769
1000000000 2
999000000 1
998000000 1
881632126 1
638023689 259
376669975 2
319806833 6488
77600970 7357
1000000000 2
999999997 2
999999996 3
153926359 1
49928462 1945
1000000000 2
999999998 3
999999999 2
272737490 1
34251014 3677
453966892 1
68738255 5086
619249199 1
275807043 1019
408486954 1
333837948 4877
392824055 1
371261198 9390
400818634 1
140208162 3177
272530480 1
45611695 735
958939164 1
363348068 5049
757005430 1
19978792 762
2 1
1 1
295370827 1
194476550 1349
200000 2
5000 6
5001 1
735386183 1
221385088 9292
886135446 1
434553193 1979
253082452 1
140265773 5803
352475406 2
93148953 8596
135057781 2374
997507020 1
986031219 7543
346581169 1
21279880 5149
677282223 1
526450206 7307
189939703 1
143523134 8733
125987103 1
210662 9512
544077060 1
320227287 7244
406840997 1
143204404 9862
1000000000 2
998000000 10000
999000000 10000
544217810 1
132703758 5297
341669616 1
249179229 851
936406095 1
119963229 5811
660655461 1
270552455 3786
115363700 1
69126218 7343
790606859 1
74949163 769
844377435 1
326505527 1408
203541774 1
160808813 7040
580452762 1
502204406 8370
147934465 1
130065155 6199
946454696 1
521517681 8947
985119899 1
286175736 3634
628592609 1
222434380 9151
700218876 1
24938587 8098
64446303 1
37076307 7966
1000000000 1
999999999 1
1000000000 1
1 1
402565498 1
344154963 8192
502843947 1
386016804 2292
570291017 1
93109606 2687
1000000000 2
1 3
2 2
873048017 1
80794371 6556
773979519 1
486372979 2810
649580234 1
359960683 167
11810489 1
4679475 8321
513713298 1
407816299 1752
1000000000 2
999999998 2
999999997 3
57809273 1
53631980 8122
216418320 1
151843559 3917
1000000000 1
1 10000
