100
6
0 0 0 0 8 0
0 0 0 0 0 7
0 0 0 0 0 0
0 0 0 0 0 0
8 0 0 0 0 0
0 7 0 0 0 0
6
0 2 10 0 0 0
2 0 10 0 0 0
10 10 0 0 0 0
0 0 0 0 6 0
0 0 0 6 0 0
0 0 0 0 0 0
6
0 0 0 0 894 0
0 0 524 996 0 0
0 524 0 338 0 980
0 996 338 0 918 66
894 0 0 918 0 181
0 0 980 66 181 0
6
0 14 9 11 19 0
14 0 0 0 3 0
9 0 0 19 0 6
11 0 19 0 0 1
19 3 0 0 0 12
0 0 6 1 12 0
6
0 11 0 0 19 19
11 0 5 9 13 13
0 5 0 2 0 0
0 9 2 0 0 14
19 13 0 0 0 0
19 13 0 14 0 0
6
0 0 15 15 1 15
0 0 0 13 1 19
15 0 0 5 10 0
15 13 5 0 4 8
1 1 10 4 0 0
15 19 0 8 0 0
6
0 11 0 15 0 3
11 0 16 10 0 3
0 16 0 4 12 3
15 10 4 0 14 9
0 0 12 14 0 5
3 3 3 9 5 0
6
0 8 9 0 0 0
8 0 15 0 0 9
9 15 0 12 1 6
0 0 12 0 0 0
0 0 1 0 0 2
0 9 6 0 2 0
6
0 0 0 0 0 1
0 0 0 0 0 0
0 0 0 0 0 0
0 0 0 0 0 0
0 0 0 0 0 0
1 0 0 0 0 0
6
0 447 0 700 971 368
447 0 139 816 990 0
0 139 0 849 977 0
700 816 849 0 702 0
971 990 977 702 0 0
368 0 0 0 0 0
6
0 353 0 367 843 525
353 0 0 671 673 444
0 0 0 0 935 201
367 671 0 0 309 216
843 673 935 309 0 435
525 444 201 216 435 0
6
0 18 0 3 0 16
18 0 0 14 5 19
0 0 0 7 0 2
3 14 7 0 17 0
0 5 0 17 0 0
16 19 2 0 0 0
6
0 0 71 0 0 109
0 0 0 0 633 474
71 0 0 718 0 640
0 0 718 0 130 886
0 633 0 130 0 757
109 474 640 886 757 0
6
0 13 19 9 0 7
13 0 20 0 20 2
19 20 0 11 0 13
9 0 11 0 18 0
0 20 0 18 0 0
7 2 13 0 0 0
6
0 885 0 0 537 583
885 0 0 0 246 714
0 0 0 821 769 661
0 0 821 0 0 173
537 246 769 0 0 286
583 714 661 173 286 0
6
0 263 568 208 720 777
263 0 559 0 170 0
568 559 0 800 905 398
208 0 800 0 0 458
720 170 905 0 0 0
777 0 398 458 0 0
6
0 0 0 14 12 4
0 0 18 20 15 12
0 18 0 20 8 17
14 20 20 0 4 12
12 15 8 4 0 16
4 12 17 12 16 0
6
0 4 5 4 7 13
4 0 12 9 6 2
5 12 0 10 0 0
4 9 10 0 18 12
7 6 0 18 0 9
13 2 0 12 9 0
6
0 38 357 877 286 439
38 0 631 945 918 966
357 631 0 233 0 243
877 945 233 0 0 449
286 918 0 0 0 123
439 966 243 449 123 0
6
0 1 2 3 4 5
1 0 6 7 8 9
2 6 0 10 11 12
3 7 10 0 13 14
4 8 11 13 0 15
5 9 12 14 15 0
6
0 1 2 3 4 5
1 0 6 7 8 9
2 6 0 10 11 12
3 7 10 0 13 14
4 8 11 13 0 15
5 9 12 14 15 0
6
0 0 1 10 0 0
0 0 0 0 4 8
1 0 0 4 0 0
10 0 4 0 0 0
0 4 0 0 0 5
0 8 0 0 5 0
6
0 1 6 10 6 14
1 0 16 3 13 9
6 16 0 13 10 2
10 3 13 0 0 19
6 13 10 0 0 17
14 9 2 19 17 0
6
0 12 7 6 0 11
12 0 0 10 0 8
7 0 0 0 18 7
6 10 0 0 7 3
0 0 18 7 0 9
11 8 7 3 9 0
6
0 637 0 459 829 187
637 0 22 3 647 232
0 22 0 762 945 982
459 3 762 0 0 898
829 647 945 0 0 830
187 232 982 898 830 0
6
0 6 18 0 3 0
6 0 14 10 11 11
18 14 0 7 9 5
0 10 7 0 20 0
3 11 9 20 0 6
0 11 5 0 6 0
6
0 16 20 0 15 18
16 0 18 0 14 0
20 18 0 0 6 0
0 0 0 0 0 0
15 14 6 0 0 7
18 0 0 0 7 0
6
0 951 512 777 700 220
951 0 80 492 601 133
512 80 0 927 647 348
777 492 927 0 881 343
700 601 647 881 0 430
220 133 348 343 430 0
6
0 0 0 0 0 0
0 0 0 0 0 0
0 0 0 0 0 0
0 0 0 0 0 0
0 0 0 0 0 0
0 0 0 0 0 0
6
0 546 546 546 546 546
546 0 546 546 546 546
546 546 0 546 546 546
546 546 546 0 546 546
546 546 546 546 0 546
546 546 546 546 546 0
6
0 721 1000 0 971 701
721 0 225 1000 408 805
1000 225 0 742 0 335
0 1000 742 0 322 141
971 408 0 322 0 662
701 805 335 141 662 0
6
0 0 5 0 7 1
0 0 6 19 0 18
5 6 0 0 9 14
0 19 0 0 0 1
7 0 9 0 0 19
1 18 14 1 19 0
6
0 12 4 13 19 9
12 0 5 0 0 12
4 5 0 6 8 3
13 0 6 0 0 20
19 0 8 0 0 4
9 12 3 20 4 0
6
0 2 8 19 18 20
2 0 0 17 11 7
8 0 0 9 3 20
19 17 9 0 7 3
18 11 3 7 0 2
20 7 20 3 2 0
6
0 9 15 8 9 19
9 0 9 11 15 3
15 9 0 19 17 0
8 11 19 0 17 14
9 15 17 17 0 19
19 3 0 14 19 0
6
0 11 3 0 11 0
11 0 15 4 8 15
3 15 0 18 8 3
0 4 18 0 0 20
11 8 8 0 0 11
0 15 3 20 11 0
6
0 716 0 690 344 0
716 0 693 0 0 331
0 693 0 729 645 0
690 0 729 0 332 689
344 0 645 332 0 796
0 331 0 689 796 0
6
0 268 268 268 268 268
268 0 268 268 268 268
268 268 0 268 268 268
268 268 268 0 268 268
268 268 268 268 0 268
268 268 268 268 268 0
6
0 11 16 13 3 15
11 0 9 12 4 6
16 9 0 20 15 8
13 12 20 0 19 16
3 4 15 19 0 1
15 6 8 16 1 0
6
0 3 8 5 5 3
3 0 3 9 9 6
8 3 0 1 7 4
5 9 1 0 4 5
5 9 7 4 0 3
3 6 4 5 3 0
6
0 0 0 0 801 0
0 0 307 382 0 918
0 307 0 169 407 892
0 382 169 0 0 571
801 0 407 0 0 879
0 918 892 571 879 0
6
0 5 18 4 18 20
5 0 17 14 0 0
18 17 0 19 15 9
4 14 19 0 9 0
18 0 15 9 0 0
20 0 9 0 0 0
6
0 13 12 0 17 18
13 0 14 2 15 4
12 14 0 0 12 18
0 2 0 0 3 0
17 15 12 3 0 0
18 4 18 0 0 0
6
0 0 6 16 2 3
0 0 0 2 20 0
6 0 0 18 5 0
16 2 18 0 0 0
2 20 5 0 0 20
3 0 0 0 20 0
6
0 1 2 3 4 5
1 0 6 7 8 9
2 6 0 10 11 12
3 7 10 0 13 14
4 8 11 13 0 15
5 9 12 14 15 0
6
0 11 7 12 0 0
11 0 0 15 9 2
7 0 0 14 0 15
12 15 14 0 0 9
0 9 0 0 0 6
0 2 15 9 6 0
6
0 7 0 0 0 11
7 0 11 8 11 19
0 11 0 8 8 11
0 8 8 0 1 0
0 11 8 1 0 12
11 19 11 0 12 0
6
0 10 0 0 0 6
10 0 18 20 10 11
0 18 0 9 3 4
0 20 9 0 19 1
0 10 3 19 0 0
6 11 4 1 0 0
6
0 944 470 0 0 658
944 0 0 494 460 0
470 0 0 284 0 988
0 494 284 0 771 739
0 460 0 771 0 0
658 0 988 739 0 0
6
0 19 13 11 0 16
19 0 2 19 13 19
13 2 0 18 18 12
11 19 18 0 19 8
0 13 18 19 0 0
16 19 12 8 0 0
6
0 575 0 407 0 169
575 0 461 246 874 775
0 461 0 0 0 992
407 246 0 0 168 717
0 874 0 168 0 595
169 775 992 717 595 0
6
0 1 0 4 20 11
1 0 18 6 11 0
0 18 0 0 4 4
4 6 0 0 10 0
20 11 4 10 0 0
11 0 4 0 0 0
6
0 1 2 3 4 5
1 0 6 7 8 9
2 6 0 10 11 12
3 7 10 0 13 14
4 8 11 13 0 15
5 9 12 14 15 0
6
0 18 14 19 0 11
18 0 5 0 7 20
14 5 0 0 2 17
19 0 0 0 0 2
0 7 2 0 0 7
11 20 17 2 7 0
6
0 11 11 0 17 10
11 0 10 4 19 0
11 10 0 14 2 6
0 4 14 0 0 16
17 19 2 0 0 0
10 0 6 16 0 0
6
0 1 17 20 16 2
1 0 0 0 1 18
17 0 0 9 14 18
20 0 9 0 10 0
16 1 14 10 0 0
2 18 18 0 0 0
6
0 0 0 0 0 0
0 0 0 0 0 0
0 0 0 2 0 10
0 0 2 0 0 4
0 0 0 0 0 0
0 0 10 4 0 0
6
0 130 130 130 130 130
130 0 130 130 130 130
130 130 0 130 130 130
130 130 130 0 130 130
130 130 130 130 0 130
130 130 130 130 130 0
6
0 0 7 20 0 19
0 0 8 13 14 18
7 8 0 15 9 18
20 13 15 0 11 3
0 14 9 11 0 15
19 18 18 3 15 0
6
0 0 8 5 0 0
0 0 15 18 11 14
8 15 0 0 0 14
5 18 0 0 12 11
0 11 0 12 0 0
0 14 14 11 0 0
6
0 0 2 12 0 17
0 0 5 0 7 18
2 5 0 0 12 0
12 0 0 0 9 13
0 7 12 9 0 13
17 18 0 13 13 0
6
0 12 13 18 12 1
12 0 0 13 8 4
13 0 0 14 8 0
18 13 14 0 2 15
12 8 8 2 0 9
1 4 0 15 9 0
6
0 0 450 658 171 196
0 0 431 900 76 0
450 431 0 911 948 926
658 900 911 0 757 728
171 76 948 757 0 0
196 0 926 728 0 0
6
0 0 0 20 0 0
0 0 6 0 13 0
0 6 0 11 4 13
20 0 11 0 10 2
0 13 4 10 0 17
0 0 13 2 17 0
6
0 0 0 0 0 10
0 0 0 0 0 0
0 0 0 0 0 0
0 0 0 0 0 0
0 0 0 0 0 0
10 0 0 0 0 0
6
0 820 0 687 233 566
820 0 629 321 650 0
0 629 0 30 636 0
687 321 30 0 0 0
233 650 636 0 0 886
566 0 0 0 886 0
6
0 0 5 0 0 0
0 0 0 6 1 2
5 0 0 0 0 0
0 6 0 0 1 5
0 1 0 1 0 10
0 2 0 5 10 0
6
0 20 20 3 0 14
20 0 12 5 19 0
20 12 0 4 0 8
3 5 4 0 5 6
0 19 0 5 0 19
14 0 8 6 19 0
6
0 15 0 7 5 5
15 0 8 9 17 18
0 8 0 8 0 5
7 9 8 0 11 12
5 17 0 11 0 0
5 18 5 12 0 0
6
0 0 0 0 0 0
0 0 0 0 0 7
0 0 0 0 5 0
0 0 0 0 0 0
0 0 5 0 0 0
0 7 0 0 0 0
6
0 8 16 11 0 6
8 0 14 4 0 20
16 14 0 0 9 16
11 4 0 0 19 5
0 0 9 19 0 11
6 20 16 5 11 0
6
0 0 0 0 4 0
0 0 0 0 0 10
0 0 0 0 0 0
0 0 0 0 0 0
4 0 0 0 0 0
0 10 0 0 0 0
6
0 900 630 348 0 294
900 0 830 29 914 92
630 830 0 0 93 5
348 29 0 0 827 778
0 914 93 827 0 0
294 92 5 778 0 0
6
0 790 857 146 697 403
790 0 740 0 866 338
857 740 0 0 0 633
146 0 0 0 0 855
697 866 0 0 0 0
403 338 633 855 0 0
6
0 621 610 88 837 502
621 0 325 170 666 783
610 325 0 966 872 981
88 170 966 0 380 127
837 666 872 380 0 724
502 783 981 127 724 0
6
0 386 702 398 356 304
386 0 792 30 54 436
702 792 0 694 216 603
398 30 694 0 697 730
356 54 216 697 0 170
304 436 603 730 170 0
6
0 0 19 6 15 18
0 0 15 0 0 13
19 15 0 0 12 0
6 0 0 0 9 1
15 0 12 9 0 2
18 13 0 1 2 0
6
0 959 827 971 251 43
959 0 323 750 645 665
827 323 0 163 167 651
971 750 163 0 515 568
251 645 167 515 0 925
43 665 651 568 925 0
6
0 4 2 0 0 5
4 0 0 3 2 18
2 0 0 0 14 13
0 3 0 0 0 13
0 2 14 0 0 9
5 18 13 13 9 0
6
0 748 50 297 177 457
748 0 59 195 0 339
50 59 0 653 0 0
297 195 653 0 563 229
177 0 0 563 0 583
457 339 0 229 583 0
6
0 157 157 157 157 157
157 0 157 157 157 157
157 157 0 157 157 157
157 157 157 0 157 157
157 157 157 157 0 157
157 157 157 157 157 0
6
0 5 5 0 9 0
5 0 9 0 1 0
5 9 0 0 10 0
0 0 0 0 0 0
9 1 10 0 0 0
0 0 0 0 0 0
6
0 28 0 140 287 618
28 0 712 635 174 38
0 712 0 0 714 759
140 635 0 0 0 989
287 174 714 0 0 991
618 38 759 989 991 0
6
0 0 6 0 3 0
0 0 0 3 0 6
6 0 0 0 5 0
0 3 0 0 0 4
3 0 5 0 0 0
0 6 0 4 0 0
6
0 1 2 3 4 5
1 0 6 7 8 9
2 6 0 10 11 12
3 7 10 0 13 14
4 8 11 13 0 15
5 9 12 14 15 0
6
0 0 0 16 20 18
0 0 10 16 11 0
0 10 0 2 3 7
16 16 2 0 10 8
20 11 3 10 0 14
18 0 7 8 14 0
6
0 0 19 0 11 3
0 0 0 14 13 7
19 0 0 0 1 17
0 14 0 0 20 4
11 13 1 20 0 11
3 7 17 4 11 0
6
0 11 0 17 17 15
11 0 11 0 5 3
0 11 0 11 12 19
17 0 11 0 19 19
17 5 12 19 0 1
15 3 19 19 1 0
6
0 0 0 17 0 0
0 0 16 0 5 3
0 16 0 3 4 17
17 0 3 0 13 0
0 5 4 13 0 0
0 3 17 0 0 0
6
0 99 28 944 640 972
99 0 114 0 624 768
28 114 0 768 423 0
944 0 768 0 272 103
640 624 423 272 0 72
972 768 0 103 72 0
6
0 11 1 7 9 10
11 0 18 0 0 19
1 18 0 11 11 0
7 0 11 0 12 1
9 0 11 12 0 3
10 19 0 1 3 0
6
0 0 0 1 11 0
0 0 13 16 0 16
0 13 0 20 0 0
1 16 20 0 10 18
11 0 0 10 0 16
0 16 0 18 16 0
6
0 12 0 12 11 20
12 0 7 6 2 9
0 7 0 0 20 0
12 6 0 0 5 17
11 2 20 5 0 0
20 9 0 17 0 0
6
0 2 10 8 2 3
2 0 4 8 2 7
10 4 0 2 3 8
8 8 2 0 8 2
2 2 3 8 0 7
3 7 8 2 7 0
6
0 0 0 0 5 0
0 0 0 0 0 9
0 0 0 0 0 0
0 0 0 0 0 0
5 0 0 0 0 0
0 9 0 0 0 0
6
0 0 5 8 9 18
0 0 0 4 7 15
5 0 0 9 6 0
8 4 9 0 0 20
9 7 6 0 0 0
18 15 0 20 0 0
6
0 10 17 10 4 1
10 0 7 19 0 5
17 7 0 14 0 8
10 19 14 0 20 4
4 0 0 20 0 4
1 5 8 4 4 0
6
0 18 15 4 0 6
18 0 8 0 7 13
15 8 0 13 0 15
4 0 13 0 13 18
0 7 0 13 0 14
6 13 15 18 14 0
6
0 529 567 865 892 886
529 0 334 813 458 796
567 334 0 206 847 63
865 813 206 0 904 744
892 458 847 904 0 572
886 796 63 744 572 0
6
0 699 699 699 699 699
699 0 699 699 699 699
699 699 0 699 699 699
699 699 699 0 699 699
699 699 699 699 0 699
699 699 699 699 699 0
