100
512 512 256
427 891 552
339 920 204
371 116 115
1000 1000 1
231 79 25
3 4 3
5 1 5
462 272 484
968 631 657
4 5 2
775 460 390
2 5 2
4 5 5
941 754 555
806 478 30
258 744 262
48 929 44
578 683 947
69 818 777
512 512 513
1 3 1
623 876 738
1 4 5
348 29 29
5 3 2
1 1 1000
3 2 2
391 837 862
101 711 56
7 8 5
769 990 951
2 380 898
221 465 740
596 812 520
557 599 109
242 345 60
512 512 2
65 11 4
506 899 486
299 179 104
4 2 2
924 997 869
726 949 844
4 1 5
3 4 4
80 932 38
1 4 1
751 401 358
2 1 1
82 585 69
734 243 228
6 218 5
16 590 10
71 215 746
513 513 1
569 435 358
563 194 56
513 513 257
302 650 856
512 512 257
2 4 1
66 700 36
398 80 729
2 4 2
512 579 22
928 656 708
5 4 3
3 4 2
959 645 732
946 601 693
513 513 2
513 513 256
168 699 86
605 858 868
298 652 683
691 776 400
720 936 948
103 143 88
3 1 1
8 856 6
974 540 43
39 487 29
1 5 3
512 512 1
1 2 3
1 1 1
69 31 27
439 237 159
513 513 512
258 670 184
45 56 35
290 626 680
663 601 891
4 1 1
321 808 77
751 233 90
946 214 113
928 622 822
508 615 828
